Episodes	Reward	AvgReward	Iterations	Loss
0	-278.0211362179914	-278.0211362179914	79	35.552173022180796
1	-37.11908223480138	-157.5701092263964	120	nan
2	-192.26006878213514	-169.13342907830932	84	nan
3	-147.5296526573645	-163.7324849730731	63	nan
4	-134.0379598169294	-157.79357994184437	95	nan
5	-206.04844959548672	-165.8360582174514	67	nan
6	-198.35814193176782	-170.4820701766395	128	nan
7	-392.9069694485878	-198.285182585633	95	nan
8	-220.1838517707249	-200.71836805064322	88	nan
9	-155.59231467821363	-196.20576271340025	77	nan
10	-436.42037567369107	-218.04345480069944	83	nan
11	-151.27954507271332	-212.47979565670062	93	nan
12	-182.44469722563173	-210.16940346969534	102	nan
13	-469.0882522332701	-228.6636069528078	105	nan
14	-206.9188006420386	-227.2139531987565	100	nan
15	-270.6274222805015	-229.92729501636558	130	nan
16	-245.71377401874787	-230.85591142827042	94	nan
17	-152.74395341326732	-226.5163582052147	68	nan
18	-144.98079543860362	-222.22501279644567	73	nan
19	-140.64885673862892	-218.14620499355482	80	nan
20	-146.62648444376956	-214.7405040149936	80	nan
21	-311.4035163303572	-219.13427730205558	106	nan
22	-213.0211909593184	-218.86849093932787	58	nan
23	-150.19884974594646	-216.00725588960367	81	nan
24	-158.98609344814793	-213.72640939194542	81	nan
25	-234.80384477140782	-214.5370799834632	81	nan
26	-133.34580448353555	-211.5299957056881	79	nan
27	-239.07806875996516	-212.51385545762656	80	nan
28	-121.53286943042285	-209.37658007737815	61	nan
29	-190.90549067731087	-208.76087709737592	82	nan
30	-216.91031474112086	-209.023762182658	104	nan
31	-138.06018939657665	-206.80615053309302	69	nan
32	-230.7390674277424	-207.53139043899148	125	nan
33	-470.41223532474123	-215.2631799944547	77	nan
34	-116.62996830586643	-212.4450882319236	62	nan
35	-236.2348195452716	-213.10591410173882	111	nan
36	-151.85445671572558	-211.45046930752224	127	nan
37	-266.28291351621033	-212.8934283656456	62	nan
38	-120.02409298174447	-210.512163355802	65	nan
39	-344.5157191029922	-213.86225224948174	120	nan
40	-409.4164945434619	-218.6318679151886	88	nan
41	-294.41941093108744	-220.43633322509092	131	nan
42	-303.96744155169324	-222.37891713966306	94	nan
43	-353.0303178527299	-225.34826715586914	94	nan
44	-138.55324409946587	-223.41948886572686	94	nan
45	-467.6712914304008	-228.72931066061108	84	nan
46	-142.34420178121175	-226.89132962062385	80	nan
47	-492.29136437172554	-232.4204970112718	87	nan
48	-341.1747503829234	-234.63997156987693	106	nan
49	-166.48048603383978	-233.2767818591562	90	nan
50	-195.12712284903313	-232.52874932954592	112	nan
51	-228.52783541301068	-232.45180867730488	108	nan
52	-407.4767604421396	-235.75416625777345	91	nan
53	-30.85460296080501	-231.95972990042216	100	nan
54	-148.75906110573936	-230.44699046779155	58	nan
55	-189.95441488968152	-229.72390876103964	92	nan
56	-318.4229609720673	-231.28003248404013	107	nan
57	-189.90556882361767	-230.56667966230873	80	nan
58	-159.03838378959654	-229.35433566446616	71	nan
59	-137.11506952104708	-227.81701456207583	65	nan
60	-184.08336023469246	-227.1000694091679	107	nan
61	-195.51753476609935	-226.5906736891184	71	nan
62	-128.21592908167167	-225.02916980646052	81	nan
63	-220.8483362101011	-224.96384428151737	84	nan
64	-173.07319591138534	-224.16552661428457	61	nan
65	-180.22739996010824	-223.49979742255462	96	nan
66	-252.23581626352808	-223.92869322615124	76	nan
67	-148.964683577796	-222.82628131955778	67	nan
68	-176.02394439578114	-222.14798658153205	100	nan
69	-486.89622186697613	-225.93010422846697	93	nan
70	-194.43788424085878	-225.4865518342753	88	nan
71	-181.28526709818513	-224.8726451018296	91	nan
72	-267.31811983089653	-225.4540899611319	109	nan
73	-188.96863542830278	-224.96104327825586	99	nan
74	-353.34023698946555	-226.67276586107198	94	nan
75	-166.5418522951175	-225.881569629941	73	nan
76	-170.28665970816635	-225.1595578127751	59	nan
77	-143.74433776662121	-224.1157729403885	85	nan
78	-52.99699202238541	-221.9497124224391	75	nan
79	-140.61275442039056	-220.93300044741346	77	nan
80	3.9021694055105485	-218.15725760972302	75	nan
81	-377.4898865889438	-220.10033845093304	86	nan
82	-409.7552196251509	-222.38533701929714	86	nan
83	-107.978748686052	-221.02335382485373	66	nan
84	-208.46447101111755	-220.87560226233919	102	nan
85	-176.86220271361358	-220.36381854665635	98	nan
86	-169.47196523563713	-219.77885471549519	84	nan
87	-130.89470015679046	-218.7688075046008	71	nan
88	-413.2274025163454	-220.95373553844064	98	nan
89	-216.07250670400572	-220.89949966250245	100	nan
90	-124.96304530033518	-219.84525291126985	78	nan
91	-288.4815815889456	-220.59129996211414	70	nan
92	-183.8331266836126	-220.1960507870765	69	nan
93	-164.18464004406263	-219.60018471534232	82	nan
94	-150.9302310164581	-218.87734309745932	100	nan
95	-160.77829558683746	-218.27214468589037	84	nan
96	-211.87684062638044	-218.2062137162047	77	nan
97	-166.40754804260334	-217.67765590320877	75	nan
98	-178.8868438862233	-217.2858295191988	72	nan
99	-387.35827429772706	-218.9865539669841	66	nan
100	-39.01751285065568	-217.20468227276302	86	nan
101	-156.34479628123688	-215.99996603576542	99	nan
102	-193.64458271930232	-217.54972346630504	93	nan
103	-204.31789924553675	-217.6691079263387	72	nan
104	-142.77647305853782	-217.6220467421919	83	nan
105	-353.3543810272637	-219.79349645714572	108	nan
106	-159.14182439269308	-219.3290744254349	87	nan
107	-152.4568688337768	-218.87460637495974	106	nan
108	-545.7359939269554	-220.3877650331614	106	nan
109	-210.01947459214261	-220.2871276353537	84	nan
110	-130.22599629053346	-220.03597596814896	71	nan
111	-210.4164153144887	-217.79831299429543	63	nan
112	-119.62447785239262	-217.48489648716358	69	nan
113	-211.81515905057665	-217.7756931388957	94	nan
114	-131.78329013135698	-214.43604004877773	87	nan
115	-461.80010376845735	-216.95961730745515	132	nan
116	-194.11998756407527	-216.20211795382716	91	nan
117	-183.33950450196272	-215.58455092890847	86	nan
118	-219.01445593286846	-216.24069451821146	81	nan
119	-75.84009209210632	-215.55613309893923	81	nan
120	-351.15674280430846	-217.64036959463905	112	nan
121	-135.34945513895687	-217.52871583914583	69	nan
122	-155.32034561531364	-215.98333791127408	63	nan
123	-171.95145381500083	-215.57670685043922	97	nan
124	-168.9657645181485	-215.7625178877878	77	nan
125	-348.43366323604903	-217.63823640053928	100	nan
126	-113.75707295964409	-216.43975351131388	81	nan
127	-174.7877935084897	-216.85007023433326	75	nan
128	-174.0433956666668	-216.20616257994416	66	nan
129	-231.67719376757037	-217.29670044466843	68	nan
130	-239.4711579605676	-217.77754863559176	103	nan
131	-162.92298025993648	-217.24302057142162	99	nan
132	-162.94262022068406	-217.4893812726504	114	nan
133	-163.0364904623097	-216.8190587284382	74	nan
134	-146.05932780102182	-213.60764380246079	89	nan
135	-208.81581577018846	-214.52037496547385	97	nan
136	-176.25610759012247	-213.92652633225453	94	nan
137	-366.1850855441699	-216.04861176619954	116	nan
138	-178.2857700929352	-215.1773529204245	85	nan
139	-387.70237004071157	-217.8276328913054	101	nan
140	-274.84912407857337	-217.13786462373687	100	nan
141	-205.0525476598044	-215.11445920904725	82	nan
142	-147.36794738701084	-213.6585041244524	67	nan
143	-328.13558293911694	-213.89779265304077	114	nan
144	-162.04305949929423	-212.00682969904636	120	nan
145	-232.0548999345781	-212.93258866771083	93	nan
146	-154.4373668288636	-209.83126268155698	78	nan
147	-115.59952703367406	-209.56646392168037	101	nan
148	-291.28311917244	-207.5762832761429	76	nan
149	-145.15882106286864	-205.6355315006968	84	nan
150	15.563028731632713	-203.8331204634149	78	nan
151	-574.9461279608477	-207.59370467244275	110	nan
152	-334.2158241470703	-208.64012040248295	118	nan
153	-195.00749105218202	-206.53646426990917	73	nan
154	-245.17188440642522	-208.65841755154892	93	nan
155	-178.3353192781561	-208.9512517908798	63	nan
156	-142.00629321589426	-208.4765179129215	98	nan
157	-236.67738870394794	-207.667155811257	64	nan
158	-182.9087889600264	-207.5978807631026	75	nan
159	-160.7563309372497	-207.61489014080215	64	nan
160	-176.62845714745885	-208.00611180046954	68	nan
161	-138.67882703601862	-207.55656196681934	60	nan
162	-129.6252906633751	-206.9041635103567	106	nan
163	-157.8699084161394	-207.1977672661435	58	nan
164	-194.14203162725872	-206.93334840888764	65	nan
165	-175.508476763099	-206.9574601004888	80	nan
166	-125.23202424476233	-206.41295143003984	64	nan
167	-151.62687978831286	-205.41682334612682	76	nan
168	-175.77980827628082	-205.68231963027026	62	nan
169	-485.9987796979751	-208.75137740553947	97	nan
170	-151.0749314899789	-205.42641413448013	66	nan
171	-160.85848280669921	-205.09394481334985	73	nan
172	-197.79632686737472	-205.2574206526487	80	nan
173	-124.05335896759229	-203.83895767380412	102	nan
174	-293.5651211266148	-204.87456644309432	65	nan
175	-116.57373282576326	-202.5303436295923	60	nan
176	-274.4196428064424	-203.59844056534797	79	nan
177	-138.05493202633335	-203.27931454869622	93	nan
178	-161.7474073498709	-203.45756276239177	71	nan
179	-187.88559280338296	-204.7930934631937	89	nan
180	-133.1606289709678	-204.71931004290238	65	nan
181	-117.90151829481195	-205.9252871488462	99	nan
182	-237.59215882874236	-204.54016113141844	95	nan
183	-338.15364046091463	-203.83123460503984	100	nan
184	-184.5375202008946	-204.5892422438006	86	nan
185	-243.2586272177441	-204.93373883990583	81	nan
186	-411.12258777839423	-207.25314859302244	88	nan
187	-307.96682864926316	-208.62438486444455	69	nan
188	-440.0910419371677	-211.68573478306212	104	nan
189	-327.18758471492004	-210.83385539888963	89	nan
190	-69.22154244170551	-209.37988545569854	81	nan
191	-130.0406696734076	-209.4301589643428	91	nan
192	-145.87578138347777	-208.01822034844707	62	nan
193	-183.5412641451367	-208.01533062034332	98	nan
194	-290.41572744562984	-209.2651433668935	101	nan
195	-213.26221513764148	-209.882291724529	60	nan
196	-321.253563040948	-211.47115575872814	115	nan
197	-276.0497311399462	-212.10653091232777	92	nan
198	-206.54007566398326	-212.5038826709553	84	nan
199	-221.2504958209431	-212.92332476931887	84	nan
200	-242.42582385266815	-211.48835001243708	102	nan
201	-147.15759817426948	-212.55904392653224	107	nan
202	-185.03188549930246	-212.84307451284974	81	nan
203	-196.85066956880252	-212.87481794700315	80	nan
204	-201.1099546197828	-212.84305611902545	85	nan
205	-298.4440319773988	-214.38431907861818	96	nan
206	-204.72334453097423	-212.9127246578628	103	nan
207	-189.99645839577892	-213.21821608363595	61	nan
208	-95.56925961672252	-212.65497242802155	110	nan
209	-365.62415992411263	-210.8716869428449	78	nan
210	-202.32343471006044	-210.79548852817078	103	nan
211	-280.5393719056354	-212.2837397718846	103	nan
212	-479.3489385495017	-214.9464380217362	91	nan
213	-173.33696661068805	-215.4782448411253	71	nan
214	-135.3557609270635	-214.72122109732817	60	nan
215	-417.63443464756733	-217.5514304489738	112	nan
216	-146.83915178979078	-214.43300518185833	59	nan
217	-152.47684809294168	-214.02069687026298	65	nan
218	-458.42735703477575	-216.74433897454824	105	nan
219	-110.98491227371439	-215.6747395323784	70	nan
220	-334.0499533200183	-218.2312728118627	85	nan
221	-185.96348889810363	-216.59569604051416	103	nan
222	-155.39139657430206	-216.79413110423044	87	nan
223	-150.4192226173525	-216.74560513395355	82	nan
224	-175.8887455931569	-216.78458822086606	86	nan
225	-202.01499145786931	-217.11180828957612	65	nan
226	-156.3349879101426	-215.20984120714138	57	nan
227	-201.6230963495044	-216.07980183476374	72	nan
228	-185.68065341637146	-216.1876519328616	72	nan
229	-201.33644476922362	-216.45788014179777	101	nan
230	-196.22396577275543	-216.10685808244318	78	nan
231	-123.08133406275567	-214.95448358840545	106	nan
232	-260.857347209037	-215.92413078592128	78	nan
233	-181.74939400062974	-216.11033646691084	120	nan
234	-249.2631950183063	-216.96406621499003	100	nan
235	-188.24691704087405	-217.38176511835488	70	nan
236	-181.4701151814994	-217.11101560757578	98	nan
237	-125.20704047066633	-216.60557929946233	68	nan
238	-267.22472185170216	-215.62577371834882	97	nan
239	-110.93684825951715	-214.95895271009715	95	nan
240	-111.36420060233044	-212.22293123050918	101	nan
241	-158.42316470299556	-211.07019895946388	120	nan
242	-298.7666638159743	-211.99806149566362	75	nan
243	-148.91573921311652	-212.01338616720923	69	nan
244	-63.34228598286122	-209.39167035576114	83	nan
245	-194.89148524171978	-209.716902293805	96	nan
246	-221.8802688937919	-209.61616337260907	61	nan
247	-332.264779459926	-211.37683082440174	97	nan
248	-180.43275444707234	-212.01874396710866	64	nan
249	-186.9323181921065	-210.98556771977863	78	nan
250	-200.65169280692353	-211.53500209348218	105	nan
251	-80.4934132576682	-212.48605597456435	108	nan
252	-206.2409983416295	-208.8355101367503	82	nan
253	-141.9534520509131	-206.9319222942141	55	nan
254	-59.006561680797574	-205.58537843905188	63	nan
255	-156.84149989911634	-204.71082017660325	87	nan
256	-225.32318824658824	-205.1760466020333	57	nan
257	-229.19939960345127	-206.03934468507842	70	nan
258	-508.3543894957164	-208.7292159800464	130	nan
259	-198.13386759636717	-208.87995933288147	71	nan
260	-315.3138537482353	-210.4102318359605	99	nan
261	-137.61330816631698	-210.02394323218684	113	nan
262	-163.98778199309234	-210.2745269446331	72	nan
263	-133.71474627090694	-210.31501660411365	111	nan
264	-134.65619190430797	-210.08517782676876	61	nan
265	-187.67559849771266	-210.02115373637724	73	nan
266	-144.70838116411952	-209.7162022948032	66	nan
267	-199.18095004819745	-210.44836987701544	85	nan
268	-322.88984387010373	-212.14404278871635	94	nan
269	-376.75270361296066	-214.13387343561416	94	nan
270	-384.7711323063338	-213.13161950104342	98	nan
271	-194.207687808929	-213.55867649430033	124	nan
272	-409.61793653584607	-216.02164138270777	89	nan
273	-384.4663574984498	-217.86985950776793	100	nan
274	-296.0006507300727	-219.57230794105982	76	nan
275	-199.20548596118124	-218.6380541275406	68	nan
276	-297.3864599065258	-220.42827914814228	105	nan
277	-130.9701752454949	-219.00798739011307	60	nan
278	-200.69356071424843	-219.6281718325677	85	nan
279	-165.37237640269205	-219.6640626152689	79	nan
280	-169.54963089711939	-219.48251843797914	63	nan
281	-160.8944986818115	-219.75711120739345	73	nan
282	-203.27790314630693	-220.60242194849732	89	nan
283	-214.7394108084356	-220.37615711661311	61	nan
284	-188.7659302964462	-218.897070877361	80	nan
285	-163.24278078426096	-218.6862318732359	71	nan
286	-146.00324983506448	-217.7233073446945	97	nan
287	-385.41024781963984	-217.46872972134048	86	nan
288	-150.43590413381608	-215.90901759742516	73	nan
289	-17.733216085996673	-211.72725694543337	93	nan
290	-417.078729990618	-212.6172682847967	98	nan
291	-207.20842256198875	-213.9834750186609	64	nan
292	-205.52873284957792	-214.7308815847616	110	nan
293	-186.7000459783476	-215.13508222431474	88	nan
294	-159.01299192056996	-214.89222804387353	68	nan
295	-103.86919886332083	-213.0452327113754	69	nan
296	-246.0652755039356	-213.37001548727935	111	nan
297	-162.9464984660803	-211.80261880832026	92	nan
298	-354.8997127067191	-212.58331169511996	81	nan
299	-234.0002366068618	-212.85519447673263	98	nan
300	-264.5068355096484	-213.28347506770987	77	nan
301	-141.7907507781935	-212.2870882055864	65	nan
302	-235.5791366218827	-213.16254898229545	73	nan
303	-167.9937651717525	-212.99385472162663	100	nan
304	-181.1250654201329	-212.83815567064963	53	nan
305	-156.7605360400523	-212.3990525163949	94	nan
306	-132.87869880625072	-210.75979179192808	70	nan
307	-168.14021630514037	-210.39758260157328	70	nan
308	-189.39074401814827	-210.39158542951748	78	nan
309	-244.6495022145674	-211.86762743543676	54	nan
310	-165.28992124602837	-209.8841201217924	92	nan
311	-169.10104378037428	-209.55518555813214	81	nan
312	-419.4107966040028	-210.9301501591061	101	nan
313	-400.07921479629505	-210.14530140907436	116	nan
314	-173.68821445154742	-210.148779110469	80	nan
315	-207.01323635117774	-210.8582590651632	76	nan
316	-173.0875678354991	-208.43700295811306	68	nan
317	-177.82301119537928	-208.74377384331686	77	nan
318	-206.72382336801502	-209.2808726084166	76	nan
319	-158.1469332454333	-206.30779910555177	84	nan
320	-187.70384252259655	-207.06739247435263	62	nan
321	-252.0420018836247	-206.2554325591408	100	nan
322	-154.29206064324086	-205.94185406156797	101	nan
323	-219.06590415347435	-206.57229473066863	69	nan
324	-119.54996286745019	-206.2666584955211	108	nan
325	-169.96962485718	-206.20805333971938	56	nan
326	-237.74062827053763	-206.56177251608247	89	nan
327	-189.21582897378093	-206.88732539790064	103	nan
328	-188.02259053243912	-206.75266692446436	66	nan
329	-288.01127840997833	-207.76584142935152	88	nan
330	-169.16325142747218	-207.44729496062132	90	nan
331	-154.47583212797883	-207.03394710275228	77	nan
332	-297.1465920429065	-208.75736549859533	82	nan
333	-255.37665381965573	-208.7031012076113	109	nan
334	-174.00964533404562	-208.62647003269467	85	nan
335	-167.9214470678888	-207.8211061916014	77	nan
336	-370.51861236078554	-209.62577644229358	88	nan
337	-195.61671053376128	-209.765841742811	68	nan
338	-136.33399709465112	-209.87600963017726	66	nan
339	-171.94970136079647	-208.9326925956138	84	nan
340	-359.62184793255517	-211.39492031514885	84	nan
341	-208.50445445058443	-212.35670500671569	82	nan
342	-172.79745412497016	-212.499024703963	66	nan
343	-172.5475139333195	-211.24933015066938	90	nan
344	-207.27625517623252	-211.8271570413933	90	nan
345	-312.0434060429204	-214.2895443687206	85	nan
346	-153.44857688291557	-213.87921854338597	69	nan
347	-358.76138852585564	-215.23447715360436	106	nan
348	-166.36464594030284	-213.5919015742021	56	nan
349	-216.79187834521537	-213.95189289992632	76	nan
350	-195.29444309988406	-214.03468621584489	99	nan
351	-173.32776273874748	-213.76415225477385	71	nan
352	-142.91683184742607	-214.3822059041774	61	nan
353	-275.5589590810396	-215.06852234714188	90	nan
354	-171.3740730035829	-215.359815623901	74	nan
355	-149.87022414299645	-216.25945584629898	93	nan
356	-335.82247106091995	-218.03154466968323	105	nan
357	-249.24866499351995	-218.26843057806863	105	nan
358	-322.59007455476615	-219.19309072610147	80	nan
359	-142.56968462158108	-215.5714599847734	97	nan
360	-328.4059849408952	-216.86128292877862	98	nan
361	-183.20860928450054	-215.5533102113159	68	nan
362	-235.18256417123632	-216.51934244898834	93	nan
363	-172.89880798073835	-216.6075704290641	56	nan
364	-338.69362949135746	-218.63706432233587	81	nan
365	-206.7791823066437	-219.35115333622042	83	nan
366	-164.74215967789877	-219.12408958552916	58	nan
367	-325.75244623153674	-220.9166050812462	72	nan
368	-230.59719177903304	-221.2276569795713	102	nan
369	-163.74477864340946	-219.65196326445547	95	nan
370	-155.20106831373704	-217.45838271693842	103	nan
371	-228.21762464687845	-215.9083479876369	80	nan
372	-166.79783920464092	-215.63696334799047	70	nan
373	-186.99404956936064	-213.43276644733217	71	nan
374	-194.08536807404406	-211.5478061560014	65	nan
375	-333.6162741468755	-211.92023807101927	100	nan
376	-175.16219380660903	-211.68218567344925	82	nan
377	-201.5913551691666	-210.73371928991102	89	nan
378	-297.41190277710007	-212.38165718626357	101	nan
379	-207.6306268411161	-212.4503410093019	98	nan
380	-210.3355540956874	-212.89552098646027	71	nan
381	-145.14038209949342	-212.65384525579069	84	nan
382	-152.3412979726741	-212.56916010025466	64	nan
383	-328.58726232313813	-213.80984682477774	97	nan
384	-233.55991854137915	-213.99618848549994	86	nan
385	-187.43228784946086	-213.98298410483673	71	nan
386	-148.61150554456847	-213.83811999355262	57	nan
387	-217.17928223424013	-214.54283318562364	104	nan
388	-167.9955186104316	-212.3902121043444	84	nan
389	-146.84657115311023	-212.35467415404037	90	nan
390	-33.55380165059522	-212.51131361507603	83	nan
391	-192.57759537581416	-210.2885301040383	61	nan
392	-146.51482136259057	-209.68760335948986	99	nan
393	-377.85767655649516	-211.39383052490487	99	nan
394	-338.7289481649941	-212.8990671802182	128	nan
395	-275.26966778090986	-214.05012337685523	89	nan
396	-172.55880441082087	-214.73021848128593	101	nan
397	-140.528420679066	-213.6852991265843	97	nan
398	-272.53831700237197	-214.7703666368446	89	nan
399	-209.05725791403228	-213.32638193592692	111	nan
400	-183.98419967081662	-212.8311736494314	100	nan
401	-306.8393415309765	-213.25030737241482	85	nan
402	-165.8641174542829	-213.48865753752463	97	nan
403	-254.83066800368613	-213.67926675912665	61	nan
404	-260.65390894510176	-214.59669392519945	110	nan
405	-115.07710030204466	-213.9427536765055	63	nan
406	-357.76951887447524	-215.93294162536117	83	nan
407	-121.33775400139368	-215.81867484511508	60	nan
408	-201.9765589226062	-216.1536881383573	98	nan
409	-188.27046343677588	-216.142596251413	93	nan
410	-188.87054422329575	-215.5903293406083	103	nan
411	-268.05921050936604	-216.60784705608688	92	nan
412	-334.781251730787	-218.24824515460585	87	nan
413	-120.42811570978137	-215.2880205912967	58	nan
414	-188.86242127666543	-213.19676520991428	59	nan
415	-211.8896937245865	-213.57499767796418	86	nan
416	-154.17840515196832	-213.05188053737794	89	nan
417	-120.05500651725845	-212.5268056728409	72	nan
418	-159.88160165847103	-212.3491679546537	82	nan
419	-198.48701610109188	-212.26761540745642	66	nan
420	-152.6900771632823	-212.2135871294153	79	nan
421	-202.89923478457342	-212.36403655775172	85	nan
422	-180.92892244954976	-211.65994666236486	77	nan
423	-178.52415431491156	-211.89986838188636	90	nan
424	-357.6783058362097	-213.2722683985471	85	nan
425	-162.25245470789508	-213.6950653474624	101	nan
426	-113.63760361935023	-213.13732256292943	57	nan
427	-166.77710436868736	-212.43471341538634	76	nan
428	-193.41409038760202	-212.47628036007762	76	nan
429	-161.82429044913854	-212.21689125034197	72	nan
430	-157.4812204577188	-210.92451443893344	62	nan
431	-150.28949558235087	-210.7376455691798	69	nan
432	-199.9128454242873	-211.18751698795512	107	nan
433	-182.85928105002148	-210.05595945337205	59	nan
434	-152.78225273515685	-209.04017330402064	92	nan
435	-163.90299045815954	-208.94010741416037	67	nan
436	-147.14422821945809	-208.73439237605706	105	nan
437	-137.75812279917295	-206.42983307346685	102	nan
438	-177.06094540532462	-206.2461126266506	70	nan
439	-159.1083650088974	-206.47160141788078	96	nan
440	-187.06267233370622	-206.6212347938502	52	nan
441	-151.96248138769477	-204.56520146172286	92	nan
442	-180.22536194071648	-204.28521044677365	83	nan
443	-188.41863312049276	-204.43987558534317	75	nan
444	-139.15385021465443	-204.109245251495	100	nan
445	-177.87684524404628	-203.81816198483972	63	nan
446	-249.58964686405943	-203.1998079335639	94	nan
447	-259.61396143978885	-204.25095035491904	95	nan
448	-156.71832966648776	-202.25052402957877	75	nan
449	-213.7295362372801	-202.71948333944982	79	nan
450	-183.59298152660932	-202.39078139075082	63	nan
451	-134.4828236721547	-201.78868614889208	96	nan
452	-186.71654159959252	-201.92124831583112	78	nan
453	-271.93550098626093	-203.19866088156215	76	nan
454	-180.22820526095302	-202.25479203185836	98	nan
455	-135.70936876615139	-201.9016761483194	54	nan
456	-149.47770353343896	-201.89778980565046	65	nan
457	-153.595511511162	-200.09356248337568	91	nan
458	-185.90962256497812	-199.4664432514099	88	nan
459	-209.90011118140208	-198.35070103979245	100	nan
460	3.3845927050329863	-196.90560918507353	61	nan
461	-235.4180774885077	-195.98493683405982	74	nan
462	-253.88150674997487	-196.68466849213382	81	nan
463	-177.2504144924558	-196.11108285174987	59	nan
464	-220.91494947903686	-196.5864901933172	102	nan
465	-176.93132778641166	-194.98488324574345	76	nan
466	-189.35437174888858	-194.81236036893404	60	nan
467	-147.4726961486552	-194.64137558151577	83	nan
468	-192.97796137774458	-193.32677672157723	66	nan
469	-167.20290237750748	-192.69911048987896	79	nan
470	-197.55183349216856	-193.0338338052132	77	nan
471	-396.27739800675835	-195.42072815860945	101	nan
472	-210.11243169112564	-195.24146882241388	64	nan
473	-160.36304097802042	-195.177757948883	98	nan
474	-164.06509289294974	-194.95073857584916	70	nan
475	-148.32208392847784	-194.49763675262577	85	nan
476	-191.39128239049745	-193.0894685174141	67	nan
477	-129.08849608976112	-192.63329329249478	58	nan
478	-146.94247040519087	-192.09221522552477	54	nan
479	-52.33263310311908	-189.6656878030101	85	nan
480	-334.4579096880519	-190.92140347476192	94	nan
481	-163.87085415696652	-190.46135694071518	68	nan
482	-367.72667898574934	-192.6651816623613	102	nan
483	-208.93178170484	-193.2254834814916	67	nan
484	-196.91558734637164	-191.92180353122657	82	nan
485	-209.09931896296808	-191.6796193769849	94	nan
486	-187.65737379391288	-191.6818479506924	79	nan
487	-183.0659702248082	-192.0229812643581	96	nan
488	-168.68934154020934	-191.54288284164497	62	nan
489	-168.89667676751918	-191.55180519963594	73	nan
490	-185.37138443630573	-191.93323899451903	67	nan
491	-148.56909592172536	-193.07200428433214	69	nan
492	-287.07850836685157	-194.00765688820383	106	nan
493	-278.06137675615884	-195.3100980307144	99	nan
494	-202.6527640927032	-193.57539592711248	84	nan
495	-220.8935786896306	-192.40870910062372	80	nan
496	-153.02686280682912	-191.19838429890018	96	nan
497	-146.03329784328758	-190.9357555210038	56	nan
498	-171.23463490128432	-191.2397774439961	56	nan
499	-161.18903066943707	-190.1373092624819	100	nan
500	-244.37988386370347	-190.48703823228064	89	nan
501	-53.52054073661962	-189.19531883689257	91	nan
502	-195.8057264854316	-188.09597611366934	69	nan
503	-142.79435973254755	-187.8675626708799	86	nan
504	-169.22665899529014	-187.01999822525218	99	nan
505	-221.68186417304676	-186.63413639582586	93	nan
506	-216.28122523295565	-187.6361574347458	75	nan
507	-190.9808810756116	-185.98478478327186	77	nan
508	-157.57151770013706	-186.343534918903	52	nan
509	-124.05510714047038	-185.5720353963076	53	nan
510	-199.69465582058456	-185.6851462119889	65	nan
511	-162.70459334547655	-185.4260773914164	66	nan
512	-186.70151402941445	-184.62055564409013	70	nan
513	-148.63854828998467	-182.77755858031983	60	nan
514	-108.1593798264499	-182.65608594781162	56	nan
515	-200.9540393068016	-182.775804938209	87	nan
516	-217.12267454932103	-182.827616629543	60	nan
517	-165.86679825968105	-182.94334329397586	84	nan
518	-188.5659389749805	-183.62166935791367	58	nan
519	-174.40631959280827	-183.76547844637244	75	nan
520	-152.34851276673427	-183.3086615816758	70	nan
521	-174.58639465992343	-183.52545680441483	81	nan
522	-165.23569139291908	-183.1525504342004	65	nan
523	-262.12635260287584	-183.9564853862135	77	nan
524	-160.2294491206103	-183.77534969122047	76	nan
525	-125.7013931623861	-181.47854857563803	57	nan
526	-184.50629971139824	-181.69888367468266	76	nan
527	-154.71066068608314	-182.10554760603648	95	nan
528	-142.46894491208184	-181.86487275993147	58	nan
529	-211.91299175008533	-182.04803019916397	83	nan
530	-197.63737373130493	-182.40261518215567	78	nan
531	-120.58029196508213	-182.03725945450583	72	nan
532	-203.9477280072831	-182.56852908247544	80	nan
533	-179.2411986871839	-182.3638593128012	67	nan
534	-260.8045249342251	-183.13559440076358	67	nan
535	-157.4454999320492	-183.1817651650892	85	nan
536	-232.75794401575214	-183.86349737853078	99	nan
537	-343.5564374580749	-185.808172717527	91	nan
538	-233.05263587300954	-186.751682747961	77	nan
539	-112.5389792023993	-186.11285139941722	56	nan
540	-152.41131847322376	-186.0465440079749	57	nan
541	-197.59776447083004	-186.15085185091672	66	nan
542	-166.5722952810985	-186.29550347362363	78	nan
543	-176.75139737849014	-186.26110778488874	78	nan
544	-170.78049355300018	-186.08647273966602	61	nan
545	-211.12256132935755	-186.79903423585122	94	nan
546	-205.43914977251018	-187.07192834009345	65	nan
547	-179.88148388680884	-186.38174850863555	66	nan
548	-182.6067953626962	-185.61930131975342	67	nan
549	-240.4806769737465	-186.44863149111242	75	nan
550	-145.2394924866697	-185.7705122460569	54	nan
551	-237.83698235625445	-186.30758156120186	93	nan
552	-31.20150831315931	-185.28499428041974	78	nan
553	-126.09109145355505	-184.6847422987758	59	nan
554	-189.2716671370245	-183.86628849828833	86	nan
555	-122.63870056059265	-183.29609538244318	88	nan
556	-130.75737362470989	-183.24706572757742	53	nan
557	-178.58802662969453	-183.53528674833242	85	nan
558	-173.38870856102463	-183.73125899635087	77	nan
559	-247.0471711090201	-184.3365812591632	75	nan
560	-156.9549871396734	-183.81237211023515	89	nan
561	-188.00727707406355	-185.70734111794894	59	nan
562	-182.8192913443587	-185.18656105711582	54	nan
563	-156.09161937457003	-184.21834435042865	58	nan
564	-194.8885487398704	-184.39297934297724	86	nan
565	-178.4178191278794	-183.9722156761341	58	nan
566	-146.89775924551742	-183.67485361137278	67	nan
567	-116.91698710971141	-182.9576517832621	53	nan
568	-185.58014864040587	-183.3349532930814	61	nan
569	-192.897118680558	-183.334152870337	58	nan
570	-169.65391881565222	-183.35842035982358	65	nan
571	-173.07974253240835	-183.11612242952896	62	nan
572	-170.48793475675697	-180.88058318942996	57	nan
573	-160.10301099314194	-180.385440410242	66	nan
574	-228.84315223240105	-181.0634613137507	80	nan
575	-570.5566043255033	-185.088129743776	104	nan
576	-237.31126158042056	-185.9692107106269	106	nan
577	-156.64724029868864	-185.62521029387628	72	nan
578	-173.96200961773377	-186.06950250702457	77	nan
579	-189.9474292299937	-186.49529417855726	77	nan
580	-152.10460042836712	-187.48313543920327	68	nan
581	-164.9738816305356	-185.80507575546548	93	nan
582	-149.1284639224001	-185.65911149571733	65	nan
583	-223.29556470728073	-184.22910046325723	76	nan
584	-239.46188131670442	-184.53137867723606	98	nan
585	-195.88034766865977	-184.52112877943696	91	nan
586	-141.90802989862772	-183.85586849167117	96	nan
587	-41.137974048383825	-182.40518136547783	107	nan
588	-342.71924804399816	-183.9859068884401	79	nan
589	-229.90930160104458	-184.59204510686422	74	nan
590	-159.27458508428825	-184.49677687237678	87	nan
591	-150.53307157486734	-184.15184308166945	51	nan
592	-165.19960054840868	-184.31650154331982	91	nan
593	-194.6904946100271	-183.4017687338463	63	nan
594	-166.16051117634328	-182.2938393716699	77	nan
595	-252.45971440282835	-182.7869774935523	86	nan
596	-151.57094822243587	-182.10061481565927	77	nan
597	-230.7001687614041	-182.86965744887289	70	nan
598	-202.14842863043864	-183.42525280320115	61	nan
599	-195.70377249635254	-183.66752149226127	77	nan
600	-149.3346047226505	-183.5501509383327	57	nan
601	-308.1096729356375	-184.18113894894586	98	nan
602	-177.30148496729169	-185.40669285221983	74	nan
603	-167.83000709219021	-185.1297055314947	68	nan
604	-158.84838854988953	-185.28865631186443	89	nan
605	-158.91138591961914	-185.18652489527358	61	nan
606	-255.2033496626618	-185.51842079121036	74	nan
607	-218.4765468408855	-185.54015664871463	65	nan
608	-72.63397249676105	-184.368405078627	86	nan
609	-150.87647182490716	-184.30211749570392	56	nan
610	-271.9419868655676	-185.76634402763563	93	nan
611	-152.90096140351648	-185.30304012251608	61	nan
612	-221.73738873976563	-185.8875232452319	79	nan
613	-158.67105816227746	-185.60999397922066	70	nan
614	-146.6116491400567	-185.5899256708055	87	nan
615	-131.92006579955356	-185.8251799873709	56	nan
616	-186.61913488358977	-185.6832502406064	75	nan
617	-192.691761618185	-185.4413600135655	84	nan
618	-179.26415329615182	-185.57400709313447	63	nan
619	-190.8216482380147	-185.59634084821406	59	nan
620	-215.01850944754364	-185.99844173786485	77	nan
621	-131.68202013907708	-185.79382299897716	57	nan
622	-312.0333940748503	-187.15468437932296	81	nan
623	-178.10844801683763	-187.28213741520332	60	nan
624	-166.6621641749582	-186.3369474307685	101	nan
625	-194.66553361500405	-186.67789876239615	82	nan
626	-143.23338402717883	-186.85148283036443	63	nan
627	-148.35817477174675	-186.4935806032392	62	nan
628	-159.00628987780794	-186.53611158533545	75	nan
629	-160.46493854635793	-186.71428974013025	68	nan
630	-207.13768297345598	-186.66700945521313	70	nan
631	-172.15345575297965	-186.41469343562576	93	nan
632	-134.19272278479434	-186.54946997839517	55	nan
633	-220.51086982106028	-186.7134614815019	73	nan
634	-158.39343741172956	-186.5070480035271	68	nan
635	-191.17011624906658	-185.817598412585	68	nan
636	-172.08411807119703	-185.96253522584385	73	nan
637	-162.60625787141933	-185.26796407589995	58	nan
638	-154.5640891922919	-183.39675270693184	55	nan
639	-187.6579256769494	-182.94730013073323	56	nan
640	-315.40395451898917	-184.95586424277863	86	nan
641	-165.65282852305953	-185.08696830267797	92	nan
642	-162.0623181452746	-184.73513220044478	58	nan
643	-179.13611987898153	-184.85952650339414	63	nan
644	-59.299992974217616	-183.6966413112726	97	nan
645	-164.50409446212294	-183.6344987460164	52	nan
646	-199.17037959378592	-183.51616031299093	61	nan
647	-190.53252397939974	-183.36856995860367	76	nan
648	-142.20041333120042	-182.9954900521125	96	nan
649	-134.31927704153202	-182.51739581130892	64	nan
650	-159.12282967944031	-181.71187257077122	56	nan
651	-232.49761593224704	-182.57581438706407	87	nan
652	-169.99841270458583	-181.90414538061188	63	nan
653	-143.1213459026357	-183.01226258446815	79	nan
654	-180.5441981972531	-183.5514022551978	93	nan
655	-208.28675653350004	-183.7396704670441	75	nan
656	-124.88642448968636	-183.76192515941136	57	nan
657	-274.7937003989382	-185.18802740470076	78	nan
658	-220.18788691093638	-185.59990720946547	63	nan
659	-186.7499956655903	-185.7321971807979	82	nan
660	-166.46840403656233	-184.934387605823	60	nan
661	-169.3926378314535	-185.0575326621773	95	nan
662	-160.27310570023252	-184.78293690600066	80	nan
663	-194.05818401418543	-184.89421307104848	67	nan
664	-158.25600537910674	-184.91564263544979	60	nan
665	-162.47196439811398	-184.59468635483842	57	nan
666	-243.11363284623067	-185.23523896591118	79	nan
667	-21.233908144117052	-183.99104242035278	108	nan
668	-151.38919770989244	-184.33235143619612	89	nan
669	-192.9367056508611	-184.40518863431947	62	nan
670	-188.27029028169966	-184.35937845215255	68	nan
671	-192.92231529136689	-184.58975861527844	82	nan
672	-224.88829879982868	-185.10271461792618	62	nan
673	-184.5430437994631	-185.2418741133985	63	nan
674	-188.8392224936727	-185.5263910589483	64	nan
675	-200.05081093395899	-185.24131837282513	80	nan
676	-206.2352473026952	-181.63417622408443	88	nan
677	-162.86847704030157	-180.89711895141	59	nan
678	-157.36640225362564	-180.90423936680546	55	nan
679	-301.90569322416036	-182.17100851142354	73	nan
680	-185.89171086893762	-182.13085288408638	85	nan
681	-167.01535764158606	-182.2784841436232	91	nan
682	-150.5460653615865	-182.135634477594	56	nan
683	-225.27223973511045	-182.88953324801685	75	nan
684	-170.98027424342985	-182.37156007510742	78	nan
685	-171.26736709191852	-181.69636686496102	65	nan
686	-47.227718599460246	-180.22455865635507	105	nan
687	-189.6018913344371	-180.69677510621455	96	nan
688	-169.14416824056346	-181.96416316752328	95	nan
689	-161.84199563681403	-180.17329928230365	66	nan
690	-133.83883958735925	-179.22210658909881	57	nan
691	-162.85006437840042	-179.25750737418903	58	nan
692	-178.4220880127101	-179.53363624981122	58	nan
693	-199.65100422255466	-179.87473925648598	80	nan
694	-210.44628484550654	-180.0307371796095	89	nan
695	-198.87355801452264	-180.3546287324628	78	nan
696	-181.0504781481704	-179.64760659132756	75	nan
697	-417.32636574079703	-182.2788483489351	115	nan
698	-92.04700391602202	-180.90604473660454	86	nan
699	-172.05444837716004	-180.608084536077	60	nan
700	-196.252757508603	-180.61352003124784	77	nan
701	-81.00007686128644	-179.93694054747198	92	nan
702	-206.1333841978562	-178.9272743223454	76	nan
703	-154.1255482268873	-178.69780960214337	57	nan
704	-164.9553404411311	-178.6693475560933	56	nan
705	-253.4580462387989	-179.60607684014192	94	nan
706	-190.46864004779246	-179.9185249008169	61	nan
707	-181.56482688427647	-179.18943061588243	64	nan
708	-98.19766409362478	-177.99855058868184	75	nan
709	-200.09963403561142	-179.26058684154174	78	nan
710	-166.22384616100447	-179.41254104288922	61	nan
711	-213.1297078812358	-178.83024125096512	58	nan
712	-214.1636875236124	-179.43680289571853	65	nan
713	-213.27608078657835	-179.35302756944935	81	nan
714	-183.5936814884646	-179.59978621624327	82	nan
715	-180.12090602890012	-179.93156103692493	76	nan
716	-162.91850336906336	-180.23847626038543	55	nan
717	-147.38397915019044	-179.8500093719359	56	nan
718	-284.81138981029176	-180.76208489859044	74	nan
719	-192.47876758362378	-180.89292266381295	67	nan
720	-195.76781455012366	-180.94189460749718	62	nan
721	-197.4325414356128	-180.76777611232953	52	nan
722	-153.7055304125735	-180.9858306694929	65	nan
723	-192.067996674089	-179.79805445760417	83	nan
724	-150.79789167985842	-179.52765290971334	58	nan
725	-197.2534384531544	-179.8305368134578	88	nan
726	-21.292209466382673	-178.11396924762988	72	nan
727	-258.9133749646341	-179.25931569255516	83	nan
728	-142.65849076386513	-179.20288317762564	82	nan
729	-179.79539813949634	-179.40871593269185	75	nan
730	-129.05303264744757	-179.0977069633957	54	nan
731	-182.3842982866858	-178.852623946695	67	nan
732	-196.66846190315692	-179.09534677986505	64	nan
733	-178.40829360625327	-179.53312470879047	56	nan
734	-154.21867897890488	-178.87676638362058	66	nan
735	-185.13238414639193	-179.14150843049845	54	nan
736	-189.72234082053197	-179.12717402031495	77	nan
737	-210.35102337116587	-179.50605427080967	89	nan
738	-155.02778587988175	-179.43101989465583	52	nan
739	-202.07268232615036	-179.90140200489202	66	nan
740	-214.04252365365886	-180.16263564822577	81	nan
741	-196.80935666314502	-178.98843170905891	69	nan
742	-152.27223883931583	-178.8559506230813	54	nan
743	-166.44716797979657	-178.89936497787858	88	nan
744	-180.0670190511292	-178.9085818013652	67	nan
745	-242.42664085984154	-180.72171692894563	69	nan
746	-183.2263233663213	-180.90708553195753	61	nan
747	-242.01819258054178	-181.33132130410362	87	nan
748	-242.55194536344732	-181.84636508018326	91	nan
749	-345.4669505428997	-183.85890505257635	80	nan
750	-154.6341341725697	-184.06004225189358	55	nan
751	-210.7370034465022	-184.57107367532984	72	nan
752	-204.6990998766268	-184.295840843096	77	nan
753	-277.5356142449533	-185.36056561082233	91	nan
754	-163.8789071340837	-185.5660860190545	57	nan
755	-251.6707867084825	-186.27030966768052	66	nan
756	-86.30486059195978	-185.0625681237049	60	nan
757	-193.53154771687383	-185.74222280912264	72	nan
758	-225.38006252719026	-185.25297886979837	85	nan
759	-182.67115491969776	-184.88152607780594	69	nan
760	-209.5714885970644	-185.107481453365	53	nan
761	-269.3344479303797	-186.12595713548205	92	nan
762	-181.86277132583504	-186.24942380374327	74	nan
763	-189.11108953903533	-186.53494839620666	61	nan
764	-196.32989641733786	-186.55744059821802	58	nan
765	-238.32479716065205	-187.35020091288678	84	nan
766	-201.26035046052334	-187.7342443392473	56	nan
767	-19.280581201654442	-185.51807551108317	59	nan
768	-189.04410934302106	-187.1795626516664	55	nan
769	-179.07865755529144	-187.4537157194426	90	nan
770	-200.10448205972546	-187.52468380269877	60	nan
771	-195.53534465871695	-187.59661503415435	83	nan
772	-152.65517303627328	-187.19793045737123	64	nan
773	-168.65533318160308	-186.6411684215472	87	nan
774	-182.1603781245238	-186.61757767229045	89	nan
775	-153.20571052214905	-186.26477062306742	64	nan
776	-132.26033076360298	-185.59357775009357	88	nan
777	-179.0656116565771	-185.32457145656764	60	nan
778	-179.35155372144303	-185.48777023558887	75	nan
779	-35.57123686765944	-184.28187750899514	60	nan
780	-202.55120854589538	-183.29816973990333	72	nan
781	-51.284316927125815	-181.96542326523198	121	nan
782	-177.72252543218238	-182.0714348275151	87	nan
783	-205.03264694935808	-182.6109059323445	75	nan
784	-205.77491115981204	-182.41786307516335	94	nan
785	-240.18432508306242	-183.10305169733792	80	nan
786	-207.00734584426294	-183.45691287310373	80	nan
787	-131.96737467034552	-184.2959193688551	60	nan
788	-121.71506872896785	-183.62377261038506	71	nan
789	-214.52066291013017	-184.07304483483622	80	nan
790	-207.12538401222605	-184.52139521479083	82	nan
791	-182.0042365385745	-184.99828033311965	64	nan
792	-174.25231240577847	-185.1111738779452	59	nan
793	-172.04756852072427	-185.04805982356908	54	nan
794	-173.1542100371928	-184.7857153266843	59	nan
795	-187.25648374334972	-184.55611333557383	72	nan
796	-168.11943349840934	-184.2516170532361	70	nan
797	-149.29188822497522	-183.93717556884803	52	nan
798	-195.98158858262934	-181.74564312173743	72	nan
799	-129.05308093584455	-182.11203992391395	55	nan
800	-152.17120576271114	-181.91517613565208	84	nan
801	-61.03503365775552	-180.57638679059417	92	nan
802	-166.91602206652595	-181.42703971341828	79	nan
803	-194.99379421248574	-181.31674674326612	89	nan
804	-165.66161912419273	-181.43096526700177	58	nan
805	-152.25944478073018	-181.3052633297701	69	nan
806	-161.994180380869	-180.39968049949357	64	nan
807	-165.03341080882765	-180.14784654663254	78	nan
808	-206.57094039076463	-180.395431828875	77	nan
809	-188.93561981043558	-181.29382743003157	68	nan
810	-246.40079989568034	-181.7522548147847	79	nan
811	-222.5366149296497	-182.3098069808109	83	nan
812	-183.7157613522608	-182.01857978745474	61	nan
813	-36.517508595704214	-180.25970672876258	55	nan
814	-192.01497871081767	-180.04920076761644	80	nan
815	-170.175046537431	-179.916342995824	68	nan
816	-173.75545905262243	-179.85331876833612	85	nan
817	-200.34357005979848	-180.2238639830959	73	nan
818	-184.4442768779929	-180.5907976239652	61	nan
819	-149.5577351450707	-179.25165252826991	91	nan
820	-144.9664534631692	-178.78123357658225	56	nan
821	-142.1753477100672	-178.25061509301736	53	nan
822	-226.6272327758088	-178.53967144292028	87	nan
823	-209.95625974792705	-179.09660935713168	67	nan
824	-189.4998199284484	-179.07118186460062	76	nan
825	-183.44620059883118	-179.39443244795683	65	nan
826	-234.55672394983523	-179.76377190831997	75	nan
827	-164.68296208972222	-181.1834823303332	60	nan
828	-159.23947320251324	-180.19661201585677	76	nan
829	-256.0710985159767	-181.3195091223133	92	nan
830	-178.80796059108877	-181.30973251292318	59	nan
831	-245.36476962140128	-182.46133386910097	82	nan
832	-149.41199529110622	-182.1348754236001	78	nan
833	-177.17898134391055	-181.94191026954815	70	nan
834	-169.16504094819786	-181.85039291649818	53	nan
835	-203.50363191749517	-182.3383627475733	60	nan
836	-250.55776575722635	-182.98613880312607	77	nan
837	-189.86959871608616	-182.98759680209196	85	nan
838	-175.39928690155313	-182.64154000536314	61	nan
839	-262.1909396075219	-183.70256132939915	86	nan
840	-160.68036278471698	-183.29273638344438	53	nan
841	-200.53701884693334	-183.15901851407088	63	nan
842	-180.58791700789146	-182.99841020065256	56	nan
843	-145.30406305460411	-182.92941836119996	84	nan
844	-162.81458736884184	-182.89345221653707	84	nan
845	-189.50814465476228	-182.98692870766212	60	nan
846	-158.61632722620948	-182.15712362218062	66	nan
847	-166.39632016151143	-181.99048992708347	54	nan
848	-153.79658085791863	-181.11700862289908	53	nan
849	-212.99898724395715	-180.82440507716154	73	nan
850	-127.71876614841315	-178.66848245939437	53	nan
851	-79.20101812907347	-177.92161992431025	65	nan
852	-158.08282696984753	-177.4002914443433	57	nan
853	-198.5667562038094	-177.3395751703551	64	nan
854	-190.6560161973191	-176.47938113027948	64	nan
855	-155.48126852668304	-176.39623619357252	61	nan
856	-31.98343852262707	-174.22111393430663	81	nan
857	-169.0031755647924	-175.03990913205743	64	nan
858	-169.62900785820227	-174.80325032157558	58	nan
859	-178.23174923454005	-174.33643533848002	65	nan
860	-227.1792589442171	-174.77710963575248	77	nan
861	-166.82849133082567	-174.35391164301743	50	nan
862	-191.85715434816927	-173.5868097263619	70	nan
863	-202.94533672534175	-173.79554799764415	78	nan
864	-171.92191185647613	-173.625358119599	62	nan
865	-156.66528459307315	-173.23263919064587	59	nan
866	-188.89352559092197	-172.74322066025252	55	nan
867	-163.61287826856764	-172.3704734108272	65	nan
868	-177.73503276629583	-173.93932936691274	57	nan
869	-39.06708962908402	-172.45440837964608	96	nan
870	-159.99318873877144	-172.26544334185877	63	nan
871	-195.04453970903273	-172.21534490274294	72	nan
872	-179.67614454248002	-172.0583231194139	61	nan
873	-182.9072996083902	-172.35784912507842	76	nan
874	-201.42488017765794	-172.6823000854354	81	nan
875	-220.6310715862722	-173.06319804050221	86	nan
876	-46.5038970795034	-172.00674444206015	73	nan
877	-237.41882227695567	-173.0479176253607	89	nan
878	-181.2112882903308	-173.06916194846715	64	nan
879	-171.2656073613813	-172.98910307361504	79	nan
880	-149.57514704403738	-174.11785465951974	82	nan
881	-149.4735148261763	-173.59233293952252	62	nan
882	-166.3716492081823	-174.73181147695877	64	nan
883	-174.38326103082682	-174.69874945318296	56	nan
884	-392.3361991116576	-176.5532400686513	109	nan
885	-171.79914013292128	-176.21684629610783	71	nan
886	-61.342331566945006	-174.44613348901757	61	nan
887	-183.08746575231476	-174.2093029930577	59	nan
888	-167.1092032284741	-174.55724188967278	86	nan
889	-180.11447087201452	-175.1354537920792	60	nan
890	-194.33502499643077	-174.93559599095346	56	nan
891	-163.68463295615908	-174.5054895448538	74	nan
892	-191.20456173075434	-174.59658187348924	65	nan
893	-163.8956104673893	-174.49404027013884	72	nan
894	-135.1469589366495	-174.12868769999952	54	nan
895	-182.08172517779042	-174.21707893901532	57	nan
896	-141.0387199672435	-173.75947731746973	53	nan
897	-182.80165268704582	-173.9048458242879	74	nan
898	-184.4979621057991	-174.25342081320696	59	nan
899	-182.12275338379314	-174.11620462311944	73	nan
900	-174.77489876426344	-174.56889588874733	87	nan
901	-179.637963487874	-174.8408439850361	63	nan
902	-203.39898022479582	-176.25038801045233	80	nan
903	-149.58714498134145	-176.07881497000494	56	nan
904	-147.7569728889558	-175.61112366977204	93	nan
905	-167.8036331531942	-175.63233172946514	50	nan
906	-147.31919757767622	-175.583418390821	53	nan
907	-365.0794258315681	-177.59416339528337	89	nan
908	-166.11790538277518	-177.60490096532249	74	nan
909	-187.80091471268855	-177.41905912692567	57	nan
910	-185.07895216837147	-177.3808742987864	71	nan
911	-167.701846907024	-176.6016767444433	63	nan
912	-151.03761477138534	-175.8937658517872	85	nan
913	-218.82791998141147	-176.24141098672925	71	nan
914	-65.69016372745489	-176.53024915635058	79	nan
915	-218.836308706942	-176.79580687908447	85	nan
916	-164.88530132856718	-176.74343316414516	77	nan
917	-224.0333894550468	-177.2412344552583	68	nan
918	-207.46439876105086	-177.31173770972615	58	nan
919	-175.74938991791453	-177.22564972002237	64	nan
920	-196.69716692935697	-177.69237676739158	71	nan
921	-175.8961412414261	-177.99861129984953	92	nan
922	-172.05560774982092	-178.294455458659	83	nan
923	-220.64794610047002	-178.23525460048737	67	nan
924	-180.32502075318217	-177.94187599657897	56	nan
925	-202.394254909415	-178.06954366965783	78	nan
926	-210.65944727314752	-178.3389817555422	88	nan
927	-152.83029219713848	-177.5298091639313	79	nan
928	-175.71209324909697	-177.63900848234096	66	nan
929	-182.24634127020047	-177.8667992552884	70	nan
930	-194.68907555237854	-177.25905645366865	70	nan
931	-163.26938842070166	-177.10520920445683	79	nan
932	-215.30609657860916	-176.8075985802708	69	nan
933	-335.2810404680112	-178.64788615627975	74	nan
934	-172.19019029203622	-178.5984921854691	80	nan
935	-171.55269697350425	-178.62213234413548	90	nan
936	-150.73802602708844	-178.09970060264635	56	nan
937	-209.05027274378784	-177.68873532528553	60	nan
938	-147.950910042281	-177.27369880376273	60	nan
939	-169.687025079197	-177.21714175601664	58	nan
940	-158.0897420946896	-176.18643683014702	54	nan
941	-135.7129837592654	-175.93923505761782	53	nan
942	-152.69416706235717	-175.4655434557903	57	nan
943	-177.26490496124583	-175.43264234641757	65	nan
944	-197.30679165574273	-175.94752084741893	69	nan
945	-174.36197297447796	-176.06185139796978	59	nan
946	-160.05131312597524	-175.77019960065508	85	nan
947	-185.12780472308305	-176.03268947686172	57	nan
948	-147.9626883910256	-175.85017827121337	59	nan
949	-196.80384365640964	-176.27599275436677	78	nan
950	-185.79174336599905	-176.00661410210978	57	nan
951	-178.34591157611356	-176.50787296773055	69	nan
952	-176.62704154647017	-177.47248706097207	58	nan
953	-149.23914580098796	-177.38492586128044	52	nan
954	-237.6249581057889	-177.7716407315971	70	nan
955	-155.64218509360444	-177.42496913651078	57	nan
956	-189.0525228125332	-177.75735779280632	73	nan
957	-150.2548613262513	-178.92836197898083	89	nan
958	-214.59724182151064	-179.3797883775622	87	nan
959	-208.96205692605753	-179.76922450694687	89	nan
960	-151.11772154727984	-179.500768787271	52	nan
961	-121.34211574752797	-178.45287628037312	94	nan
962	-166.82305323437953	-178.45282243783404	56	nan
963	-185.10913209581594	-178.38601033632557	67	nan
964	-250.15158016362784	-178.8533988852195	76	nan
965	-187.80950838453398	-179.01070182114083	54	nan
966	-180.53765108319033	-179.24706188539943	83	nan
967	-249.07543906729848	-179.8429224148685	92	nan
968	-168.08670271476763	-179.8872177064151	54	nan
969	-151.14713885207047	-179.6239712320168	89	nan
970	-176.38078316938652	-180.98351275221785	59	nan
971	-40.99983908852914	-179.8053607754827	95	nan
972	-153.2269776373894	-179.39132550744668	75	nan
973	-61.98560738533335	-178.2260726643066	85	nan
974	-231.2629395844134	-178.7048413769405	67	nan
975	-180.0361312683636	-178.4930715857594	56	nan
976	-223.5521323170242	-178.5219929791332	91	nan
977	-218.77138281507177	-180.22761164978232	75	nan
978	-163.8272446944693	-179.49898216876764	60	nan
979	-148.31067284251588	-179.17323350096748	59	nan
980	-225.57302826565126	-179.71093073764342	59	nan
981	-165.79742693065222	-179.87154737018415	73	nan
982	-190.24650558500994	-180.27524034799438	58	nan
983	-206.55097187017225	-180.67305542385571	64	nan
984	-142.73302513893245	-180.35968675165873	82	nan
985	-223.6988874593522	-178.69001039866555	87	nan
986	-175.17290825435072	-178.72341404343217	72	nan
987	-164.19918700318775	-179.74179875072176	90	nan
988	-138.1034586073968	-179.29641254136612	59	nan
989	-185.28607880941843	-179.47638160652397	60	nan
990	-189.42072514239237	-179.56852273791392	55	nan
991	-179.29238794702613	-179.41958573742477	83	nan
992	-161.2222160114256	-179.39520537163526	75	nan
993	-176.31392132296097	-179.2477732883898	84	nan
994	-174.02613900427556	-179.34807555113127	64	nan
995	-210.29965647177244	-180.09216166534037	87	nan
996	-168.8727885653673	-179.96138011472232	70	nan
997	-221.98471557036854	-180.7628256157434	85	nan
998	-169.7285408609444	-180.63338886498994	57	nan
999	-297.34595439370537	-181.7506957193256	78	nan
1000	-356.3744021906659	-183.4759595688986	88	nan
1001	-154.8857872614904	-183.27903767283152	52	nan
1002	-238.98837599588208	-183.8666655194455	71	nan
1003	-173.15062899297257	-183.5671768933878	60	nan
1004	-178.81925935658938	-183.85660376839024	72	nan
1005	-12.908050467209023	-182.5214659226304	84	nan
1006	-134.6762406624737	-182.19347193757375	90	nan
1007	-177.35587750297287	-182.49086480812127	83	nan
1008	-183.9078506874014	-180.69708683639683	68	nan
1009	-177.1508505398959	-180.8063239171604	86	nan
1010	-190.95587987544562	-180.8375611959996	63	nan
1011	-196.6298448884591	-180.9519264704559	60	nan
1012	-215.68714449219652	-181.42702842674473	75	nan
1013	-191.41152822874233	-181.8267701441443	59	nan
1014	-189.63706979729398	-181.5377518254896	62	nan
1015	-166.9772474097915	-182.5405942381861	60	nan
1016	-248.92316216142936	-182.83848387634933	73	nan
1017	-223.84815576841345	-183.4222745143676	64	nan
1018	-163.43104150008344	-182.82225126728875	82	nan
1019	-201.22370706609695	-182.76046224060605	75	nan
1020	-165.12875207511794	-182.65530741047934	85	nan
1021	-164.2220466349005	-182.33377156597973	66	nan
1022	-243.98952653288728	-183.0079634995586	72	nan
1023	-135.31403636950412	-182.6441855651	55	nan
1024	-203.92869300125608	-182.47864840570185	69	nan
1025	-24.33425800511327	-180.93418540819627	102	nan
1026	-147.60506568429437	-180.39171818814555	62	nan
1027	-103.92383741277477	-179.3349299717062	80	nan
1028	-225.93444378303948	-180.0587334527547	76	nan
1029	-160.24336582122098	-179.90557773564706	52	nan
1030	-171.54646908737732	-179.79963840710425	63	nan
1031	-167.42953136014137	-179.5297419299534	86	nan
1032	-161.8293850991064	-179.5154844713237	55	nan
1033	-225.36105688154547	-179.615038533729	83	nan
1034	-172.80957684442205	-178.00641018102021	53	nan
1035	-161.70743521763941	-177.90262052681823	61	nan
1036	-137.8948337014442	-177.56937435580775	54	nan
1037	-174.64732368445416	-177.80610007518763	53	nan
1038	-153.99323369579736	-177.26098087669268	80	nan
1039	-277.5330400326689	-178.54397226273608	83	nan
1040	-169.3591107402887	-178.54072558611327	56	nan
1041	-210.21062689966533	-179.05677395051896	74	nan
1042	-183.13095531416343	-179.5262588173991	62	nan
1043	-171.81577070576503	-179.7155816257497	53	nan
1044	-185.03022902096487	-179.7924660223806	56	nan
1045	-196.44662961657008	-179.7839495665472	71	nan
1046	-228.98973633685608	-180.32481851072913	61	nan
1047	-299.00863376310156	-181.70063356654225	76	nan
1048	-160.59136947851363	-181.45769856412076	62	nan
1049	-176.3589201193672	-181.73884937331226	62	nan
1050	-146.63826007684077	-181.2421604269799	60	nan
1051	-205.64731040010602	-181.43875019959484	77	nan
1052	-204.71623217889754	-181.69984248279073	84	nan
1053	-167.85715220492742	-181.61301189525074	64	nan
1054	-194.89066284237146	-182.06500711348224	67	nan
1055	-187.86134673517313	-181.57229809001078	67	nan
1056	-159.32894856078187	-181.6088006985967	66	nan
1057	-197.21289186483705	-181.68959643178786	61	nan
1058	-158.5167028679915	-181.77139684309222	64	nan
1059	-198.8168498782457	-181.61515533870343	89	nan
1060	-167.21803638047362	-181.2018482045887	79	nan
1061	-183.07061888996003	-181.5182135248133	60	nan
1062	-165.8950175964418	-181.95933136490152	72	nan
1063	-129.32672705235703	-181.5880806106241	52	nan
1064	-212.78819043721063	-181.86213069321218	79	nan
1065	-168.15109996275936	-181.05024475062936	56	nan
1066	-171.27499220926472	-180.88653666968608	59	nan
1067	-180.32693211747545	-180.88445034329288	65	nan
1068	-212.9372114906863	-180.52664610986108	63	nan
1069	-197.17635138585425	-180.8146624333372	80	nan
1070	-199.77696754277213	-181.29614588572036	58	nan
1071	-199.29268966898405	-181.5229964451223	71	nan
1072	-189.99073430765574	-182.99815382352946	74	nan
1073	-197.0198418185369	-183.43174653819432	90	nan
1074	-169.347751748964	-184.49473806654706	64	nan
1075	-228.92400842613145	-184.47158033230667	70	nan
1076	-246.8707655830008	-185.13330938492683	90	nan
1077	-217.13796635370858	-185.06980279123064	82	nan
1078	-133.2312148681168	-184.22287043532017	54	nan
1079	-139.24054823323274	-183.97943779709013	54	nan
1080	-194.43755228672018	-184.43613957376542	83	nan
1081	-173.3877379832218	-183.91945353136515	60	nan
1082	-144.8118191212057	-183.71167523622208	85	nan
1083	-169.00917342002367	-183.50140462072724	54	nan
1084	-193.79571584586841	-183.37511495712022	76	nan
1085	-9.50907684892536	-182.0560659641499	106	nan
1086	-167.55820640747734	-181.50021763690356	74	nan
1087	-159.16790748622952	-181.34175228276376	58	nan
1088	-155.48358340845954	-181.2554591778654	69	nan
1089	-131.03190482770398	-181.18544379390812	94	nan
1090	-161.59588841637316	-180.95088745338293	63	nan
1091	-165.80118881800678	-180.717030658092	75	nan
1092	-222.85497029566235	-181.14834335461313	74	nan
1093	-178.80303212500814	-181.32241084088628	80	nan
1094	-174.51179372771708	-181.30456799340854	55	nan
1095	-152.68995415202315	-181.09331863843573	87	nan
1096	-206.93833639839744	-181.06003824166964	71	nan
1097	-135.26579556584994	-180.72729573672393	91	nan
1098	-226.27054450438712	-180.7697296865657	77	nan
1099	-186.32336138574783	-180.93403484027667	61	nan
1100	-158.5034835028767	-179.5593569106645	75	nan
1101	-234.06898243691032	-178.3484121606273	96	nan
1102	-169.4684202996184	-178.4927946659553	68	nan
1103	-209.36368565765807	-178.19948090023036	57	nan
1104	-217.92314960020036	-178.6427731834702	84	nan
1105	-166.90696190992855	-178.5248296443943	73	nan
1106	-172.32391779043576	-180.10320456838664	77	nan
1107	-172.56703101693313	-180.47836090852985	71	nan
1108	-234.89543862300417	-181.04805953348063	81	nan
1109	-242.0722538054252	-181.623944712867	90	nan
1110	-171.745293962996	-181.57042435071946	90	nan
1111	-177.38993919048272	-181.4361081063139	73	nan
1112	-173.2906303741483	-181.20502677448903	84	nan
1113	-199.17656687599694	-181.04155570898206	55	nan
1114	-225.9459403715079	-181.38348058168276	84	nan
1115	-161.54928593050272	-181.10538371171452	66	nan
1116	-177.3691580388518	-181.20827391596265	60	nan
1117	-172.1216154076833	-180.44786256196514	59	nan
1118	-209.36819280575438	-180.30449659203782	78	nan
1119	-153.70697111676736	-180.20821866745058	56	nan
1120	-179.06536848876777	-179.98882917658594	69	nan
1121	-204.45024967685663	-180.378150935019	73	nan
1122	-111.51624404795989	-179.85631130544536	105	nan
1123	-182.01865967542363	-179.24273836626256	66	nan
1124	-181.97235102037905	-179.70470187765736	75	nan
1125	-171.45430436651387	-179.38317327731338	73	nan
1126	-170.61108695821076	-180.83145871249255	81	nan
1127	-225.36493851305573	-181.60135844347036	85	nan
1128	-148.67419123332584	-182.04443125357486	53	nan
1129	-146.89529524811334	-181.26186542649637	60	nan
1130	-204.1428720297085	-181.69651400281802	63	nan
1131	-194.91507988650352	-181.92788638696777	60	nan
1132	-177.90198560117767	-182.0315740527206	88	nan
1133	-217.19423882930653	-182.57974092133642	72	nan
1134	-161.73562273547884	-181.94978612781102	54	nan
1135	-201.84374678916177	-182.2372531569669	92	nan
1136	-157.14999109632316	-182.19212994784496	61	nan
1137	-204.16905919132927	-182.84831039823985	85	nan
1138	-233.3992691805902	-183.43001282889466	92	nan
1139	-187.22440935876116	-183.75903437011212	56	nan
1140	-171.03092589476745	-182.70455799250914	57	nan
1141	-182.08919543996768	-182.8305984350802	78	nan
1142	-169.84916541595544	-182.4309800045484	85	nan
1143	-154.7671300997335	-182.15015005193024	83	nan
1144	-188.3947951046884	-182.31429880835523	65	nan
1145	-196.2438525330938	-182.42532478372286	62	nan
1146	-156.62328092862134	-182.03103420265407	56	nan
1147	-155.56764987862348	-181.30408285158245	57	nan
1148	-138.88544127690915	-179.71870470815486	55	nan
1149	-167.92592688850254	-179.7913240884518	68	nan
1150	-230.51551450411054	-180.32752799325124	61	nan
1151	-210.29160694140955	-180.95775915032613	77	nan
1152	-160.30837169334134	-180.50885876709083	51	nan
1153	-151.60161185648573	-179.9829714371659	77	nan
1154	-388.4327636776771	-182.16688838244065	93	nan
1155	-172.76262698288735	-181.94779891848538	66	nan
1156	-169.00281240855236	-181.76108075683564	54	nan
1157	-132.02348568991664	-181.49072963930234	54	nan
1158	-203.78320519156824	-181.5557822464977	87	nan
1159	-182.4715372385885	-181.79295882442443	80	nan
1160	-171.7319679896864	-181.5247916770129	60	nan
1161	-140.37650016205865	-181.25903389267222	91	nan
1162	-184.27046881601652	-181.27091359491038	57	nan
1163	-185.76747782440907	-181.46767062687047	78	nan
1164	-199.87633537188273	-182.16618160033113	57	nan
1165	-169.50780856762682	-181.73766296795898	72	nan
1166	-147.16384930352655	-181.5298684069765	86	nan
1167	-208.22601004855005	-181.89572006875164	90	nan
1168	-187.71822488367084	-181.96890118524863	82	nan
1169	-131.00045128831144	-181.15764613373995	88	nan
1170	-187.0051263324807	-181.0569409351917	74	nan
1171	-22.311262873779597	-179.29985475035022	111	nan
1172	-194.19621399297705	-179.24939459514223	59	nan
1173	-209.89630913669856	-179.44647949443967	70	nan
1174	-191.95795211172936	-179.39636177457027	76	nan
1175	-207.16975436140126	-179.77083704796075	91	nan
1176	-213.64440257232917	-179.61955382168549	60	nan
1177	-197.9077557573747	-179.13477154618423	75	nan
1178	-186.26166481697177	-178.82906559037497	69	nan
1179	-199.7040066045317	-179.48721204321072	74	nan
1180	-164.7329363707304	-179.73961192576022	58	nan
1181	-44.61310158499249	-178.25620152277284	94	nan
1182	-165.50762367375233	-178.17818058901568	53	nan
1183	-179.50600554132774	-178.52168738525452	91	nan
1184	-191.27623320054926	-178.74215332367558	61	nan
1185	-244.59325851809365	-179.2450992907273	85	nan
1186	-168.91128714339487	-180.82333899661307	62	nan
1187	-202.3686254971222	-181.16799661136204	79	nan
1188	-211.52710380233202	-181.6864044956799	68	nan
1189	-190.90584639449077	-182.03711997078912	65	nan
1190	-188.0711656796619	-182.6018651277392	58	nan
1191	-176.58603480749474	-182.75028241874043	64	nan
1192	-167.76614152563582	-182.76973739604367	56	nan
1193	-227.50239405693213	-182.81575149268997	88	nan
1194	-218.02219488433178	-183.20406003486147	77	nan
1195	-364.22575217121937	-185.08241605905457	85	nan
1196	-166.1198847129769	-185.21538566856898	66	nan
1197	-203.04229544015269	-185.17681100561603	76	nan
1198	-197.92973472209198	-185.79724604676696	72	nan
1199	-175.01575084368008	-185.2897728422055	54	nan
1200	-187.58238565264625	-185.30223842900645	56	nan
1201	-147.98028029302174	-185.19804829821578	51	nan
1202	-190.53979918788497	-184.76706628584924	54	nan
1203	-217.5474477624567	-185.2430962607288	83	nan
1204	-182.8876374503883	-184.98095716956772	87	nan
1205	-161.7359250662647	-184.42464801576637	57	nan
1206	-256.58056632505054	-185.31250548522303	80	nan
1207	-187.7989083475411	-185.46572321351118	67	nan
1208	-208.7291475718758	-185.82376397148093	65	nan
1209	-182.40113907570708	-185.3040184314087	56	nan
1210	-240.018909300016	-185.28368828779077	88	nan
1211	-204.4161118362673	-185.6071617320806	82	nan
1212	-176.31785775140955	-185.596547064367	60	nan
1213	-222.42833276720643	-186.08305896924875	69	nan
1214	-180.43703256179063	-185.89751902554372	54	nan
1215	-174.65738146710885	-185.38971151163878	54	nan
1216	-139.24905550371636	-185.1689171509775	53	nan
1217	-160.58288613656072	-185.00271643907362	91	nan
1218	-102.13068626785838	-184.30973694263974	68	nan
1219	-139.41441006972326	-183.617125232382	57	nan
1220	-246.76283647500077	-184.53847043394867	89	nan
1221	-187.01359216940733	-184.6171657179154	62	nan
1222	-223.613944046494	-184.80690526612966	78	nan
1223	-176.57642581569843	-185.45106548165185	69	nan
1224	-201.44215254419524	-185.64337729223377	69	nan
1225	-214.3231793454733	-185.96368252317527	60	nan
1226	-198.05208660855902	-186.22702690180935	60	nan
1227	-93.57175690065299	-185.46426125767513	51	nan
1228	-179.8725359987709	-185.01384143080102	68	nan
1229	-178.52250488497475	-185.3093692887381	83	nan
1230	-251.04008999955047	-186.34050587043555	88	nan
1231	-191.11219158958406	-186.2114892324145	61	nan
1232	-219.9012144223165	-186.45887670306612	79	nan
1233	-66.8569851939792	-185.35942125348996	72	nan
1234	-212.056401691853	-185.30855157886168	70	nan
1235	-154.55452402139753	-185.23745159159353	62	nan
1236	-144.30066463210733	-184.66771810489	82	nan
1237	-145.09305049494563	-184.54834245537145	53	nan
1238	-166.7518158406394	-184.177874699424	58	nan
1239	-180.60088840233811	-183.6551184540948	77	nan
1240	-175.9967255697083	-183.54395326806454	88	nan
1241	-185.85713414478272	-183.6907474091538	53	nan
1242	-164.89962121977135	-183.52055360499344	83	nan
1243	-191.6240001036341	-183.7361460276437	68	nan
1244	-148.67682918167463	-183.675846018554	51	nan
1245	-181.45780960820687	-183.60716299383637	81	nan
1246	-187.71802955015795	-183.5227489048964	76	nan
1247	-171.67885385578705	-183.6718139833832	85	nan
1248	-223.7883369052901	-184.34726633018187	79	nan
1249	-147.59660313789078	-184.43351545751835	58	nan
1250	-161.2490252881567	-184.36740752088127	67	nan
1251	-156.94227359691078	-183.63895959110704	55	nan
1252	-174.99894554376039	-183.2895273000412	70	nan
1253	-159.06404882092497	-183.27720727160138	56	nan
1254	-151.97149621386248	-183.28086949296156	82	nan
1255	-152.06807871108526	-180.94062508735175	78	nan
1256	-180.15015035296102	-181.01376888309505	86	nan
1257	-196.22186048668814	-181.28326440862116	56	nan
1258	-156.41862132174677	-181.52480040497593	79	nan
1259	-205.10381546561587	-181.53787575422393	69	nan
1260	-168.9117736209028	-181.40362066890032	76	nan
1261	-166.28088960890477	-181.34964959582325	52	nan
1262	-171.15957609155316	-181.65443252581824	54	nan
1263	-89.46339741559721	-180.71574865056658	83	nan
1264	-168.56557030273453	-180.5454327345104	58	nan
1265	-154.81273178994263	-180.09925844161987	52	nan
1266	-132.43599425184033	-179.7322107751269	55	nan
1267	-189.77480929294632	-180.15410146809145	73	nan
1268	-193.05532055474043	-180.00389662161808	78	nan
1269	-185.4258372595434	-179.98119971444854	65	nan
1270	-206.84687765010867	-180.732154430902	92	nan
1271	-161.62668708080705	-180.48088275514283	75	nan
1272	-171.07883682963518	-181.95382903193348	51	nan
1273	-209.77316518703836	-182.10805627147866	69	nan
1274	-208.10090752639178	-182.09028001791123	64	nan
1275	-188.66536628556975	-182.05768015824626	88	nan
1276	-185.7900826470219	-181.84600024028217	69	nan
1277	-181.10379414798058	-181.5238159984569	82	nan
1278	-197.0980785173647	-181.51579939212016	58	nan
1279	-35.931158805291034	-180.0273785405194	92	nan
1280	-169.01104955225134	-179.72348787663546	51	nan
1281	-193.39747128577932	-180.00729515302203	73	nan
1282	-145.86845720871287	-181.00982342652424	61	nan
1283	-183.51122873724373	-181.18807694200436	89	nan
1284	-170.47804827249485	-181.09869122647135	55	nan
1285	-220.5695426052087	-181.38872399285412	79	nan
1286	-192.4712600358961	-180.87266460194124	67	nan
1287	-151.81530605860414	-180.70339746248786	61	nan
1288	-153.05410298559002	-180.21513486336377	85	nan
1289	-379.86661725760365	-181.88186271935658	117	nan
1290	-180.49920375285382	-181.77882665359783	73	nan
1291	-209.58924480840182	-181.99187694200117	66	nan
1292	-19.168576861893527	-180.43328824947048	66	nan
1293	-144.28644634721593	-180.20081601998118	61	nan
1294	-221.61745881972536	-180.1425493344642	76	nan
1295	-159.21419738015945	-179.56029193343284	59	nan
1296	-152.3278108000595	-177.4622925139164	85	nan
1297	-155.49361554841494	-177.35708192812862	88	nan
1298	-172.59284304168136	-177.05560220141112	52	nan
