Episodes	Reward	AvgReward	Iterations	Loss
0	-164.82188837995125	-164.82188837995125	75	18.802439719438553
1	-164.3478232354732	-164.58485580771222	86	3798.0670798160136
2	-142.07529206208096	-157.0816678925018	72	2126.695342168212
3	-132.14683220064398	-150.84795896953733	71	1955.1472156196833
4	-178.9379895026163	-156.46596507615314	64	1130.7947040945292
5	-208.28940328308562	-165.10320477730855	63	1785.4113964997232
6	-158.1597733611162	-164.11128600356682	75	1685.2570337206125
7	-215.0165399672527	-170.4744427490275	145	5167.4095467329025
8	-152.71390062664597	-168.501049179874	104	1415.606199361384
9	-268.0469679096858	-178.45564105285516	100	545.8943179175258
10	-327.8371038363872	-192.03577403317624	72	576.345193952322
11	-123.90991958151764	-186.35861949553802	86	847.8635308295488
12	-115.66842487493597	-180.92091221703018	104	750.5366541147232
13	-242.84593381119075	-185.3441280451845	63	261.60536524653435
14	-153.71222420691925	-183.23533445596684	107	390.59286481142044
15	-266.9572779843128	-188.46795592648846	102	1079.0951495170593
16	-172.52442269540308	-187.53010103054226	73	587.9450091049075
17	-326.9673426477565	-195.27661445372084	86	976.1409198716283
18	-371.9718677738951	-204.57636462846685	107	1208.70704780519
19	-144.8818312582698	-201.591637959957	88	842.7982866615057
20	-157.16827867758923	-199.47623989889186	63	511.5685067027807
21	-310.8136994307215	-204.53703351397505	99	348.8506566733122
22	-194.9884710454147	-204.1218786240376	72	378.5135157108307
23	-374.8063874018004	-211.2337331564444	77	249.4828486815095
24	-209.8651041245513	-211.17898799516868	120	960.7888916730881
25	-134.65657977142382	-208.23581844810158	120	749.3226564452052
26	-229.55221254893942	-209.0253145259104	109	896.0041175186634
27	-182.44054707422572	-208.07585854549308	75	413.84060506522655
28	-106.19091701727031	-204.5625846996923	132	1110.999888844788
29	-32.19664597464208	-198.81705340885728	69	632.3340500742197
30	-163.02859704718503	-197.6625870746098	86	1735.726620003581
31	-293.1033046453019	-200.6451094986939	114	756.9237235337496
32	-219.1282910923707	-201.2052059106235	95	1725.8100001960993
33	-115.108552515233	-198.67295139899437	93	809.3309856057167
34	-149.6376615359464	-197.27194311719302	65	1650.5799381136894
35	-191.4010990273186	-197.1088641146965	113	874.6432905644178
36	-127.09198223861578	-195.2165159558835	63	1327.8029713183641
37	-183.08910159534094	-194.89737347271134	94	581.3067413419485
38	-156.55931659318486	-193.9143463732363	120	761.2119714021683
39	-234.40809579835027	-194.92669010886416	111	553.7538311555982
40	-180.91326388257013	-194.58489922529603	94	953.2899942547083
41	-151.85387297375502	-193.56749383835455	109	656.5994250625372
42	-198.91359765491012	-193.69182183408842	117	1357.4900598675013
43	-67.21469130469215	-190.81734159478398	82	488.71911653876305
44	-291.086710267467	-193.04554978751028	100	317.07428949698806
45	-54.30159816952985	-190.02937692624982	85	259.61498887091875
46	-113.01355513261043	-188.3907424200022	112	354.3641876541078
47	-158.32987914163698	-187.7644744350362	62	259.4776625186205
48	-150.1954452483526	-186.99775955367534	109	565.4559735953808
49	-235.2542425022471	-187.96288921264676	103	507.7947706282139
50	-168.50455736480325	-187.5813532940616	108	1969.8694468587637
51	-79.02385203901248	-185.4937090391568	118	939.5366572737694
52	-183.3575874960514	-185.45340485909824	120	875.5311492457986
53	-236.7001995056641	-186.40241957477537	91	824.2319617196918
54	-321.6294998846936	-188.86109376222842	87	519.3854148760438
55	-226.7606480628653	-189.53787151759693	82	657.242492839694
56	-151.91666764737874	-188.87785039706682	127	922.6434462070465
57	-288.8509367878544	-190.60152430035626	142	2111.683132916689
58	-136.44091690953263	-189.6835479039016	84	1621.799393415451
59	-136.3239871385341	-188.79422189114547	72	1212.5729236602783
60	-331.76078847691133	-191.13793609746952	94	612.7777881249785
61	-90.94896650802752	-189.52198497505915	92	1412.8754281401634
62	-242.97909255569886	-190.37051049221216	115	1098.5089844465256
63	-441.81795953412734	-194.29937688349207	132	996.0438564866781
64	-137.64122652746659	-193.42771303186092	152	1124.5641760155559
65	-165.36855810609117	-193.0025743208644	117	1460.0911353081465
66	-165.7320596179865	-192.59555171335876	117	1698.2113074064255
67	-228.29852630745765	-193.1205954573896	66	1100.6067505776882
68	-250.22517009425363	-193.9481979883587	67	357.82591140270233
69	-156.62126150276765	-193.4149560385645	98	582.1656902432442
70	-127.53897736814011	-192.48712535306558	127	1951.1608586460352
71	-142.35583906259905	-191.79085748792022	97	706.4226754009724
72	-169.08618943161963	-191.47983463783393	71	1931.0429312735796
73	-77.91923860948816	-189.94523198880222	78	1324.0448571145535
74	-142.28020867796664	-189.30969834465773	92	1128.4887828826904
75	-230.04058598675442	-189.8456310767906	107	837.2316864430904
76	-256.8954947255302	-190.71640852677422	96	454.8869760259986
77	-190.80531383036828	-190.71754833835874	83	882.268007054925
78	-131.91516904584256	-189.9732144232636	113	1841.9959253668785
79	-59.16108941240883	-188.3380628606279	81	985.1914145797491
80	-207.65941220562462	-188.57659803772663	109	1165.595557704568
81	-159.95512303309653	-188.22755565962137	152	1048.1422987431288
82	-244.46231208009317	-188.9050828454102	88	847.5600927472115
83	-147.8000407968526	-188.41573710673688	114	335.46836879849434
84	-126.7065848844941	-187.68974708059287	80	922.8862249106169
85	-114.4708118610401	-186.83836411292364	79	243.09568014740944
86	-161.7214621558862	-186.54966409042896	125	837.8023752048612
87	-52.74088506193665	-185.02910978328703	104	540.4424396008253
88	-329.74169151450985	-186.65509384768282	100	1315.0825364589691
89	-171.37708802088557	-186.48533822738509	85	723.2809590101242
90	-169.3043255390898	-186.2965358901511	77	802.8746369034052
91	-125.82481025377321	-185.63923452453827	89	1191.164517685771
92	-232.44964132128757	-186.1425722320302	141	1948.351068392396
93	-264.1136090632744	-186.9720513472562	79	1000.7514635920525
94	-125.77243456606266	-186.32784485482262	62	475.34180714190006
95	-119.02578936314183	-185.6267817767842	137	865.0201809257269
96	-282.21855849251546	-186.6225732893175	103	1176.4240426272154
97	-345.23224862654797	-188.2410393641872	154	1738.965980552137
98	-133.00498288228658	-187.68309939972355	142	914.7373885139823
99	-135.12261699315619	-187.15749457565786	82	1101.5754934102297
100	-351.0414170719047	-188.78010766968012	103	1518.4705260396004
101	-156.1051269127479	-188.69380310069795	97	964.7923353761435
102	-202.72316273896269	-189.07375695716814	104	1197.464761428535
103	-202.2151000565591	-189.66920060067787	109	1169.6853413432837
104	-131.860522886028	-189.66636585498858	124	1624.6375115662813
105	-116.64144490132551	-189.0495683836886	86	754.4256342425942
106	-175.83297795846795	-188.72821763790034	141	956.2893852964044
107	-109.54602780311913	-188.2468934244548	70	904.7926780283451
108	-132.14674063011944	-187.4264003617109	88	657.897312246263
109	-230.32244846075585	-188.19480182541497	91	325.0891387909651
110	-261.3385244263914	-188.12838159290715	114	1393.9907850399613
111	-192.1268723957396	-186.78471593507896	106	832.0335183665156
112	-139.57874104082023	-186.93985278121062	67	652.3076545894146
113	-245.31745847002776	-188.22350657918187	81	254.17595951259136
114	-165.87816871717226	-187.46144949904303	88	911.6207296364009
115	-184.73375453062897	-187.7685933636342	132	642.231783632189
116	-145.04711552051117	-186.56156205211147	61	278.8888921290636
117	-131.06538822372795	-186.15107656229287	93	1427.752397030592
118	-64.15676608368881	-183.54899164581693	89	397.8119124211371
119	-117.92818065577637	-181.03370761494452	88	815.8106304854155
120	-109.73365601651888	-180.68570587987767	88	830.7890644297004
121	-125.6124029119084	-180.3732714663561	66	663.9702963121235
122	-162.55207120689502	-178.9053345532489	101	530.572363615036
123	-186.082118306016	-178.8171528429578	110	759.6985522061586
124	-160.21947658483225	-176.69252996358185	102	383.2896498143673
125	-137.36189166088434	-175.97467637483268	92	1043.9746131971478
126	-124.25636190650917	-175.8717039207246	102	358.3857626467943
127	-136.6307820777121	-174.9516897576431	133	1820.7117073461413
128	-107.20348432328224	-174.20676834426746	74	507.740646738559
129	-162.1109966777372	-174.76043249932158	136	1337.6926565989852
130	-213.67909482667537	-176.5572884285496	76	387.1454429924488
131	-185.51121025670557	-176.77988855933705	79	1572.5915512144566
132	-122.12927012119754	-175.08707633632608	104	675.8564178831875
133	-147.24138155967896	-174.37532475679444	84	497.7553454786539
134	-105.31097450562993	-174.2783190339271	95	711.2164311259985
135	-189.90797607918194	-174.67703501950368	86	488.35223757475615
136	-156.40415727914854	-174.33053064575947	95	609.0712029822171
137	-157.21277533483948	-174.62875631997946	109	396.9037107974291
138	-125.4730670915502	-174.0583005328132	69	173.68211422115564
139	-129.1731893823769	-173.78715075844877	106	1299.8477192819118
140	-95.63720084216959	-172.4131815014569	116	790.368729814887
141	-108.58079741962634	-171.6970184671703	72	218.4249825850129
142	-165.90177780824186	-171.83610663384843	100	1450.0256569385529
143	-106.42253569072669	-170.92035354509412	75	746.1897382363677
144	-131.50626745867123	-171.5569038040444	84	281.7500640153885
145	-173.29917082821243	-170.3906905422696	117	457.01216665655375
146	-290.49942266835	-172.7292828640401	109	290.7382383868098
147	-98.28277491840626	-172.58343355498855	94	281.891424305737
148	-142.97568333997373	-172.43141181437804	131	892.8109079673886
149	-127.19911027847601	-172.20372532952783	72	430.29279831796885
150	-125.55508666726274	-171.11759507373588	77	500.995285525918
151	-146.20584155372853	-170.89681570926982	146	1743.746948942542
152	-143.98713266656478	-171.54001650756237	80	810.52062946558
153	-165.88217418616978	-171.3669926134051	106	768.356792896986
154	-123.7645118342347	-170.2488174879454	119	1093.401188954711
155	-190.71418887085812	-168.9526262897886	68	457.1606049723923
156	-103.01017973544495	-167.72737412813098	68	1130.454435057938
157	-209.13592224150523	-168.29390140134015	135	1160.93948584795
158	-133.20684555533302	-166.7528707950776	112	403.2339613214135
159	-110.21210346711287	-166.49317957287548	99	1223.9317315593362
160	-94.13302856136737	-166.07544730973518	72	691.6428234651685
161	-248.57809552589637	-165.25185629041815	105	857.7914539203048
162	-131.0965136108145	-165.64935675678242	80	868.0961713418365
163	-158.40189283213493	-164.81195873971743	129	779.921925239265
164	-133.76077759231828	-161.76188763138268	104	642.0154189094901
165	-251.097215224225	-162.88521425214267	113	1027.3290754333138
166	-142.89721556800177	-162.6627257121616	101	1010.4323907643557
167	-125.71496376227525	-162.26651684230308	64	328.32766961306334
168	-320.44361053018247	-163.1788444088647	121	1242.7903445661068
169	-128.0968760774369	-161.96965337899525	76	565.3417710587382
170	-141.11761038056835	-161.81615188273582	73	354.1628138385713
171	-146.5064961356923	-162.00394909825616	152	729.1092622242868
172	-214.9054075448197	-162.72226165748606	107	354.2969899252057
173	-119.32200896528389	-162.22954699940354	90	483.33198644965887
174	-168.5422902477666	-163.1268049364162	77	675.8348061740398
175	-85.00710360494159	-162.5597444901486	137	930.5843966975808
176	-243.51927008648454	-162.6931968079677	127	1048.8947051092982
177	-112.85448158788667	-161.26704816304053	88	809.1627836823463
178	-97.89356512292846	-160.34712985900646	69	250.94029320776463
179	-121.85091660140033	-160.2474837952001	64	1083.7812809795141
180	-147.13721236290513	-161.11853451748226	131	1197.810902222991
181	-129.16353743084997	-160.3413476385241	158	1037.9306905418634
182	-127.18446396213221	-160.01688566752446	143	850.5158236771822
183	-123.26465366979178	-158.81690885158088	84	599.6943171843886
184	-158.58047619732446	-158.92364583574397	81	197.0289099663496
185	-157.55333068674042	-159.2290591605187	149	1666.1475484147668
186	-170.16417913946216	-159.78047863852288	124	824.8973751440644
187	-140.24401348660598	-159.56783063189633	139	1080.9545135721564
188	-129.38073815828199	-160.32664105859283	83	797.7755151391029
189	-241.5067757542355	-159.45302803126336	166	892.2180196344852
190	-154.96761503070235	-159.2905580016576	165	1239.0567671507597
191	-125.57332723438144	-158.85757782042288	83	1024.3813996240497
192	-127.10580450150576	-158.87026093178656	81	559.9896340072155
193	-163.55885461310166	-158.18817393467577	110	410.7754894196987
194	-129.6200897934	-156.85655493200375	85	1328.5439223349094
195	-110.87192096518652	-156.70902509437133	78	222.57929296046495
196	-158.42503715716794	-157.09911665668838	98	918.3763014897704
197	-120.85476223816306	-155.5014553076354	108	459.0041891634464
198	-126.72050988759733	-153.33797274586362	133	685.2670114971697
199	-161.37178728254287	-153.61883219537114	96	778.0732849910855
200	-194.4404604920073	-154.20613757654786	97	495.94461274147034
201	-130.53637846530646	-152.02291937252215	138	560.4491304084659
202	-60.67274478938906	-151.07804430199386	175	723.1051229164004
203	-220.43331137511177	-151.25339230829235	131	1107.153252787888
204	-173.45599036405676	-150.96864864797053	113	523.2299036309123
205	-110.16867601151705	-150.7538778868368	82	205.76423884928226
206	-164.46109364586698	-151.22733975559458	58	152.97145322710276
207	-119.3597830019408	-150.6681992114706	97	1080.2928310856223
208	-212.48153292365703	-151.6873626285056	128	455.5386888831854
209	-186.35617387939203	-152.2240896903796	71	622.6931366696954
210	-148.24002036622926	-151.411392382513	108	416.45416313037276
211	-132.3634852746459	-150.13441179685216	132	575.7074782028794
212	-140.8411765543894	-149.62663263010612	99	461.88665598630905
213	-125.58657422867641	-149.48809632503537	106	1118.9022810012102
214	-107.30445589146193	-148.12163095297038	132	1174.0398511886597
215	-108.28333909220501	-147.5513851150994	103	502.08027190715075
216	-109.7729008891542	-146.80919844538184	78	699.8426307290792
217	-127.6897955698106	-146.63734379240458	96	1028.397111184895
218	-142.13786470941716	-146.74697227246094	80	1215.511170834303
219	-305.3091156175574	-149.13461929754874	157	1139.9229618385434
220	-193.63130283369043	-149.88415516069642	103	842.3546407967806
221	-275.958926192844	-151.52994991491744	126	1738.6187149435282
222	-140.604532099489	-151.67838683756673	151	2266.9148438349366
223	-257.50158521637366	-152.6184810356804	160	996.7749748528004
224	-166.3947863984236	-152.42355695738738	125	1275.458477690816
225	-268.8594146459673	-153.49919990848775	140	890.3479031994939
226	-151.20466528749705	-153.63625707310769	113	1311.3357171937823
227	-138.5628252870794	-153.77790522539055	117	772.8685114532709
228	-134.81979714422613	-153.75997468149464	129	600.2020884975791
229	-96.24354250484446	-153.65146040606456	83	800.5953458845615
230	-87.08424651634895	-152.9086212955558	83	676.3993303924799
231	-87.0632989077522	-151.65499955378428	89	263.636059358716
232	-127.035612724544	-151.07603324158464	150	1096.8681795150042
233	-146.28762149924648	-151.3152248393871	89	1188.5238336585462
234	-209.1276651065006	-151.92796032004873	170	1171.7603262886405
235	-101.1692613776299	-151.88695325937542	75	317.44956912100315
236	-119.02915685940059	-151.18518277205084	140	668.724789686501
237	-104.91100200743855	-150.6753495515389	62	480.44091426953673
238	-142.67178092797644	-150.53137930988677	107	1012.0372890383005
239	-52.174655920559175	-149.80565246660962	136	878.2566877007484
240	-192.34265600703844	-150.43109273022014	119	859.6173480153084
241	-391.03499265610225	-153.35582334223926	122	1986.5463906228542
242	-123.76599681500626	-153.50617185110445	84	562.1064591631293
243	-197.01793165189838	-153.81425258222976	119	932.5390931963921
244	-175.29729540059049	-154.4961808961888	138	855.9488091990352
245	-125.13389773699645	-154.43308812666726	132	597.0112770795822
246	-101.4758429627468	-153.72196606859336	79	342.7978667318821
247	-60.35615865023461	-151.4433198901962	141	503.6734090298414
248	-141.51454823751894	-151.87135724979134	141	1051.6314649172127
249	-55.04262402111685	-151.00073290009968	139	792.0543858408928
250	-93.35178769530093	-150.66561089432568	72	271.68340184539557
251	-329.245625983285	-152.68234890735562	114	753.6781655624509
252	-115.08162224799302	-152.3741883201701	87	770.3420354127884
253	-127.45478917238566	-152.2105017509208	131	327.7164138779044
254	-151.594782400621	-152.0690424263114	140	1624.0515725463629
255	-103.75645536189592	-151.87094285727835	91	1195.064937260002
256	-127.21683825852621	-151.24225621755227	108	714.6809749249369
257	-149.04164056864425	-151.69801325550475	76	700.5774956941605
258	-149.57186004857473	-151.10827006547572	88	341.55495569109917
259	-112.50918614989736	-150.90334274462984	78	327.798457801342
260	-140.77811681906365	-151.2059765401937	141	426.663173109293
261	-118.9481787288319	-151.4516710963072	67	517.8050611689687
262	-108.33866064060646	-150.0631618400172	117	1147.4624184072018
263	-80.68622629236052	-149.56405008438895	127	1104.4435998797417
264	-125.56387206964231	-149.23892116594845	109	436.99622125551105
265	-117.05407292468178	-149.0735082484471	113	1923.2322977483273
266	-163.79347559970665	-148.2091147868182	163	1228.654846034944
267	-89.25724035496293	-147.67802592332276	84	265.78867019712925
268	-89.89227951765261	-147.3233458812968	108	263.95820158720016
269	-228.81029990704266	-146.41608538007762	128	588.8841992840171
270	-441.8706425232379	-149.52275633498652	158	620.975325576961
271	-114.1630779693987	-149.2558797764601	109	205.25386722385883
272	-143.0978175215491	-149.22213048325077	124	994.8176247105002
273	-89.68428580785917	-147.9823173967462	121	770.2364630550146
274	-276.50653809944157	-149.53859986342104	109	829.7187507078052
275	-284.9322055556728	-150.69097526250923	130	459.10663595050573
276	-79.7063975756444	-150.6384930245954	131	926.0307647064328
277	-149.4876836287487	-149.70748721808314	91	608.1996251791716
278	-309.8393887431389	-151.6578328334817	202	1590.9212988317013
279	-103.37018004794746	-151.71205674363037	126	741.8540625572205
280	-104.35229998877062	-151.53880311380235	73	240.7369911633432
281	-114.96618157344349	-151.22027805648094	114	825.3218962624669
282	-103.62710650939071	-150.9674421067635	118	678.2474888861179
283	-206.78662495044608	-151.7555823145686	99	363.49500991404057
284	-105.14469122348123	-151.57617674579325	166	1444.5686552599072
285	-121.92536394468202	-151.21325484230175	97	305.614098072052
286	-26.422112156254464	-149.9149259459603	1000	4445.245329491794
287	-114.9440106787751	-149.3681916047654	95	406.3345600068569
288	-156.99695581929433	-149.53406232093062	132	990.558421343565
289	-17.64239697004639	-148.42774211114613	77	495.00183928757906
290	-113.59320270683789	-147.16127109087486	143	1928.0581155866385
291	-253.19790962757497	-148.1338482651013	116	1018.0079031288624
292	-108.28106174174306	-147.96263771566927	86	587.7933365404606
293	-75.94703109303317	-147.45611520667447	191	1228.6764301210642
294	-181.77853449425703	-147.6365080767849	62	520.8702590465546
295	-122.56131882145246	-147.5666192552805	87	641.8535592779517
296	-204.95469106768607	-148.49813183055275	161	1483.6098660342395
297	-159.10222107688836	-148.50483662183711	95	886.182651117444
298	-122.79990630110515	-148.5240954739454	124	1865.145874865353
299	-156.45000131791176	-148.81844687424555	153	658.675345107913
300	-103.61951712108052	-148.24664221918158	163	1334.7022176161408
301	-121.46039251470125	-147.52406728871324	108	1033.970430240035
302	-109.19705232072799	-147.3127868318362	120	376.5593571588397
303	-103.26797174938804	-147.73452175223224	122	589.6360458247364
304	-149.35749292304263	-147.0308007774593	122	872.1909943073988
305	-137.34211094521197	-146.67323761489646	93	433.62541464716196
306	-105.09690724766986	-146.62302208258114	68	260.1273887977004
307	-167.83594905867866	-146.656436492609	170	1358.2615011930466
308	-120.18820355603434	-146.66463867631288	80	970.1815621703863
309	-147.18330621957065	-146.01812158023282	119	1129.7511906176805
310	-98.14585376792348	-145.14475207417865	132	1807.9611282236874
311	-255.13479226468368	-146.2031161523812	95	2300.7727574706078
312	-156.1810162582198	-146.43893329083244	89	1038.384050294757
313	-113.89684904903075	-146.1721577709774	82	763.8925428204238
314	-125.79370320275258	-146.17420855289896	128	736.5862930864096
315	-71.93406550838641	-145.824006667918	209	1426.3667860366404
316	-163.80871709491052	-146.37376288576658	88	199.8066997975111
317	-98.88967771153094	-146.26600820083962	142	1114.9510478526354
318	-44.46085112455093	-145.44195924593606	104	534.366247408092
319	-132.45122435551002	-145.34605191569935	104	720.5019979029894
320	-69.9556374565537	-143.0158194586597	130	2908.059258237481
321	-105.36289638989815	-142.14187484040434	187	2530.2463640347123
322	-84.19725482334894	-140.24324443080536	90	779.1015740558505
323	-106.30091532871039	-139.90360466079764	61	466.951199144125
324	-129.69734979329297	-138.63821619126222	109	976.1360354572535
325	-97.9452083652949	-137.96049759687477	100	549.3001522570848
326	-133.6039303316428	-136.62133438584186	116	2496.9702882394195
327	-96.95200767970823	-136.08417936002215	115	638.6272202655673
328	-145.71645441365973	-136.15500737117642	79	315.81608022749424
329	-100.29682785789616	-135.81319579408407	124	584.2431824281812
330	-144.20596817835693	-136.288071295802	165	1049.4793318286538
331	-142.00337020077396	-136.8318249956478	76	137.5757270604372
332	-100.83533665599457	-136.96818180503632	106	1329.019894786179
333	-108.62638080186613	-136.7859121820395	93	1178.931013405323
334	-123.86587747611124	-136.56391471646396	117	841.1630955338478
335	-129.32501889590478	-135.77378950645803	143	722.4292725324631
336	-183.1425288518027	-136.5854060161033	111	673.643655732274
337	-97.30958524086294	-136.3703607525534	81	406.4059371203184
338	-69.32718062420933	-136.01804568935313	78	667.45525431633
339	-54.21815647981407	-135.14226722947032	120	1013.5498946756124
340	-91.51790506040778	-135.53180434966686	102	605.6069407612085
341	-86.60789438636453	-134.4849255217394	109	1310.0855947211385
342	-55.80683942308718	-131.16583489566995	98	907.192827641964
343	-178.55457557035345	-131.70829607146544	94	342.81850058585405
344	-115.68427465515055	-130.9030123388244	104	727.5270720273256
345	-98.08957031684538	-130.13857941720315	120	919.9413710981607
346	-85.4441136887941	-129.74561125831008	111	1002.7182471305132
347	-114.82971976215985	-129.87782786028444	431	2755.768586538732
348	-177.4179062699788	-131.03685506444035	106	1563.699123173952
349	-115.24986198362345	-130.77680866588693	79	451.1711458861828
350	-16.92164316501497	-130.3993732118661	264	1310.3267541900277
351	-180.36736932425623	-131.26091362403398	124	1718.5500668510795
352	-110.75499860538089	-129.0976400856389	96	474.12976226210594
353	-147.58988470217014	-129.41950407033372	112	1444.0054252520204
354	-59.68855166999211	-128.74855122377534	136	582.1774597764015
355	-71.5771676505941	-127.95629761238894	172	1066.6705763563514
356	-129.9092673457298	-128.21523634490214	124	450.46625296771526
357	-69.72033086852343	-127.64596399450609	124	1136.199577987194
358	-51.133799981015244	-126.67657943423252	101	460.1700504273176
359	-120.23101363727062	-126.38607600441765	151	1250.1368213295937
360	-110.14234410100825	-126.36264192472568	67	817.1884621083736
361	-110.44514436529909	-126.06231546478743	70	415.3046867996454
362	-140.55472694859992	-126.2762416847851	118	3058.827712252736
363	-164.3069183275593	-126.83038285000251	63	421.74075450003147
364	-121.0741568721487	-127.23026335079246	130	1036.3521158471704
365	-190.27220702418424	-127.8709399345008	221	2223.681949287653
366	-194.14324814361214	-128.63419909508426	120	1102.390722475946
367	-59.473966751582665	-127.60133267084538	159	1762.7334181033075
368	-140.19538814611911	-128.10567076778753	199	1660.1128105781972
369	-54.89210990956401	-127.75913443503418	99	620.0654570162296
370	-81.22147383582714	-126.29785892937858	87	415.6892818957567
371	-112.65224696561232	-123.03827085455062	124	2117.1694341152906
372	-108.7067750459098	-122.98424805332796	71	840.6847670003772
373	-214.82055338846328	-123.69437415102017	119	1061.2306455895305
374	-99.09627133066513	-123.78756212649351	127	1265.3733576238155
375	-78.74423708391662	-121.82951954218137	111	2208.2878536470234
376	-81.79263820523576	-119.81823669712755	202	2227.749401371926
377	-235.3037124058594	-121.35880417069401	204	1225.144253358245
378	-96.81099631529365	-120.83725281115488	164	1853.7821670621634
379	-140.37855783984122	-119.15942280221132	109	622.1820543184876
380	-75.23237022282187	-118.88083062572494	144	781.1760411895812
381	-71.61359255629648	-118.5566850075816	150	1575.90729534626
382	-160.5955297043409	-119.00846073164992	128	542.0883037596941
383	-75.48252041309519	-118.72980146336975	164	1265.1119448691607
384	-140.58131886382785	-118.07430338330423	151	1082.170822635293
385	-298.98966516254234	-119.9935605510177	168	1621.8909025862813
386	-109.50087939978759	-119.8705458525534	97	339.01096235215664
387	-154.12683236420844	-121.13494902292918	105	1038.1675908565521
388	-101.66223543767718	-121.00344629776981	68	1256.371924892068
389	-125.96771164632911	-120.69622605843352	109	5515.664331138134
390	-141.91341542836935	-121.92663218178326	104	1926.4593301266432
391	-104.7774100880772	-121.83934710634998	132	5160.11874294281
392	-57.71061190763628	-119.90382930714267	126	1414.567023485899
393	-95.4211291271871	-119.77650324165202	161	6029.704172775149
394	-211.5768842549141	-121.11937307493795	134	2843.8183658123016
395	-178.60758305539974	-121.08797751613739	117	1461.0712495744228
396	-133.045389684088	-121.19178019794566	161	2477.772985085845
397	-77.71756712861443	-119.93200669359842	109	600.7290743589401
398	-84.1343576329097	-119.18975061989566	86	782.894564948976
399	-109.74216933952788	-119.06046609552361	213	7184.26365365833
400	-111.21731511428517	-118.6126177172699	142	686.8512637168169
401	-179.4487412298659	-119.36340211438657	105	738.1315526366234
402	-101.55171926157217	-119.16628653762292	143	2835.8796552866697
403	-27.343987267759275	-118.35586015095984	121	4288.141605019569
404	-42.593172444173206	-117.75511956377949	85	1280.2785457670689
405	-115.94275747096813	-117.42428059890747	177	2330.087298080325
406	-158.8445568271557	-117.6371761026891	171	6451.989149928093
407	-289.9530575126006	-119.46743501620328	190	3401.2842557281256
408	-116.81522958104115	-118.96227937781083	133	2578.0102024376392
409	-67.71242483876613	-118.44271721229335	157	2668.686065495014
410	-127.06508612443612	-118.24352691432169	123	2368.505454517901
411	-234.3481576346281	-119.59206457636827	133	1776.8402100801468
412	-93.84132456653089	-117.99509954965387	129	3489.264635488391
413	-113.99324478357634	-117.57739884198412	111	2223.3688231259584
414	-157.25747780924365	-118.00671199802585	111	4778.464233666658
415	-216.66740077730765	-118.90645157797194	148	2450.399710766971
416	-319.2061832054906	-121.35469036705219	186	4250.737815454602
417	-177.07684603195827	-121.48605798029027	166	4539.901726894081
418	-90.42657328447478	-121.40226486715112	85	3419.907378271222
419	-122.18197966420692	-122.17178099130611	111	2457.397447884083
420	-222.35161492180714	-123.06188386820016	213	4210.037316381931
421	-195.02208637277965	-124.30016554063802	158	2806.967586070299
422	-395.6122245760032	-127.17392126525291	168	12335.702790930867
423	-38.1432063720267	-126.71794058751705	119	9339.122357696295
424	-35.7187070605314	-126.01910684228756	146	2910.4022794365883
425	-109.95976939133335	-125.82368525414932	106	942.5425933375955
426	-98.97290748224937	-125.83386049293107	179	4173.015770986676
427	-120.73838029699246	-125.70647880941968	213	4680.105582386255
428	-430.4997814851242	-129.0089320154139	135	3984.44588381052
429	-49.127541674508315	-128.05260614670945	90	979.2948145866394
430	-156.48294247905926	-128.60890431127544	112	3813.9458200633526
431	-232.21243791037696	-129.48025549674097	280	5303.344934314489
432	-82.95811328295068	-128.8956489926041	97	2506.037766814232
433	-119.44831678801334	-129.07993592460429	127	1168.977281101048
434	-100.5069288433082	-128.99954531115318	78	513.9755766093731
435	-119.89501531329009	-128.9602298441946	92	863.8881676197052
436	-64.98486119059748	-128.3231985797856	160	7638.779657438397
437	-52.296994922619675	-127.02769824385311	128	1071.7515191584826
438	-77.9869869369916	-126.83638538935932	122	1120.8540484309196
439	-171.7292468868062	-127.85026723354345	306	5218.569246664643
440	-44.42629378480167	-127.75331809794928	152	2238.9364881813526
441	-73.05394452209167	-127.57050660747088	194	9361.721189901233
442	-34.34688081383473	-127.05307082952504	135	1155.3353624008596
443	-103.90347145725394	-127.52927510709104	213	1564.6780510433018
444	-64.2620757368588	-126.39766619784854	226	3643.2665788009763
445	-333.2348754644688	-128.55163254249524	317	3091.4952670410275
446	-87.08382713564491	-128.44266478822593	121	1038.8690920472145
447	-46.97373882828001	-128.06176998762677	193	1120.509653404355
448	-71.4367570304787	-127.63213669325368	158	2034.8605004101992
449	-120.11286102472819	-127.06476000765717	107	522.5227452665567
450	-169.27646283081788	-127.59967684772842	138	2121.1595143079758
451	-93.98247027244142	-128.36265533394055	150	2045.9238236248493
452	-98.58352181323721	-127.55291426947502	166	2490.538183823228
453	-124.00702988408615	-127.68412249995724	271	2969.952089294791
454	-74.96885265171413	-126.9651023806458	147	1833.3306473344564
455	-79.27616415397846	-127.159039137913	105	1156.8847242593765
456	-199.9484369833075	-128.4300418045735	173	2170.5064051523805
457	-263.6056083113856	-129.75376795274832	434	4538.011006694287
458	-100.79590478509327	-130.06144690241734	109	978.2545606046915
459	-233.17458898675213	-131.86383095197908	338	4424.638080529869
460	-88.74235462561813	-131.55206205087362	256	3949.984092552215
461	-108.26598379531258	-131.53348422606476	114	3966.143872320652
462	-114.1361985223994	-131.5700293167291	121	3046.8368413224816
463	-145.17263314838158	-131.6157511602913	422	4982.93736320734
464	-121.51173110049831	-131.1920364352709	99	2483.07097235322
465	-117.21395782032903	-131.15381664267863	189	1283.2134529277682
466	-164.8765283606287	-130.90237427967313	301	4924.39931127429
467	-85.53584310139686	-129.827053437671	125	2159.004852488637
468	-178.40192056192643	-131.0045579308427	154	8342.617457926273
469	-200.5997179028504	-131.60262060170146	92	3222.24408942461
470	-111.82484349315389	-132.16631103322212	144	7753.688921511173
471	-72.95584313120666	-132.08447310545364	126	7385.8441170156
472	-53.948281244036856	-131.50324572207168	152	10745.414360687137
473	-24.84319948437512	-130.67291329076937	123	5764.022904843092
474	-187.35046125598546	-130.4009321805468	219	34565.591477423906
475	-310.3705048984974	-132.4927562752778	242	11281.77339501679
476	-199.3038770000367	-133.68641607642752	392	33815.57846903801
477	-105.41542900388573	-133.92030509423594	159	3912.2176690399647
478	-82.92133323390442	-132.41156866679083	82	6528.839776366949
479	-146.24013305195206	-132.90096606022308	142	10255.880504012108
480	-263.47848026737205	-134.11977717336694	174	11164.982430323958
481	-142.2271592472207	-134.78309191618277	102	1086.7282279133797
482	-104.84602342902066	-135.11212588521965	112	1973.6455388963223
483	-63.72702757439959	-134.1530318047252	96	1485.6014253497124
484	-145.21246319236042	-134.8434272777872	176	13106.233121991158
485	-245.9164160969732	-135.88634903257085	185	6755.398922204971
486	-207.7889020787991	-134.98337118025654	221	11782.45805066824
487	-133.63262554366855	-135.22229935989893	115	9778.577931404114
488	-184.36801440993156	-135.521717003916	142	6457.076643139124
489	-179.07054959314235	-136.2881359559503	239	14679.491222262383
490	-326.12600536814375	-138.2699012403247	170	6868.354100883007
491	-112.2150846756333	-137.97585836158476	142	27410.386465072632
492	-208.1969024988219	-138.99981373198816	108	4771.71795976162
493	-146.02931366741552	-139.87425632366916	288	35148.255546331406
494	-188.02918253387423	-140.79116774353736	134	4818.901045143604
495	-52.45316618075596	-139.21568538636745	116	1890.6406100094318
496	-177.82118586478575	-139.2078992755693	187	5325.933486625552
497	-293.9151381280842	-140.80066906214353	327	32783.70571677387
498	-267.5648044629381	-142.68034467931506	333	19764.28038173914
499	-172.47057808001506	-143.5549607233458	161	25644.77530375123
500	-108.04153566625013	-143.53812276618464	91	3242.347519904375
501	-32.111920713719826	-142.7549010394464	160	28385.48753300309
502	-135.9736902359823	-142.32445499000195	240	73156.44823282957
503	-78.67756020392561	-142.09797816764905	105	13249.9130936265
504	-263.3422142679367	-144.43459427656168	170	12099.625158250332
505	-182.1530155209492	-145.8163749010842	104	3354.3195222616196
506	-135.64926172868238	-146.0114888046259	146	23985.481527358294
507	-79.13367478549455	-145.22227215074813	132	21383.13391390443
508	-94.11041120592405	-143.2832360487018	120	4949.906020253897
509	-388.78131154611214	-145.9759695335045	140	4505.02299413085
510	-147.6175738464221	-146.7671096226892	135	2671.773794747889
511	-97.27969133109826	-146.47220472374528	109	14510.52803966403
512	-317.3603821560587	-147.29410793682874	147	5565.127475202084
513	-335.2853455844885	-149.68464279839267	561	72832.32409408689
514	-77.51576313260941	-149.32347961372963	99	108292.56379258633
515	-169.82426498286674	-149.44790324911202	89	34259.91237270832
516	-138.09069364271397	-148.66991604975962	185	35496.88611572981
517	-178.10252306904283	-147.2728501078146	425	27844.73704957962
518	-180.06779166469738	-147.30246343091102	102	30011.908195257187
519	-206.4904572816571	-148.45161079721976	127	5832.584292471409
520	-62.16909657121005	-147.85742383590298	165	7994.03397141397
521	-177.19416937262298	-147.4103204146239	536	24145.14287045598
522	-137.80212714063856	-146.84378616480072	174	17547.188775092363
523	-66.9614388631617	-143.58981798942602	147	4762.88127450645
524	-344.64868224210016	-146.62452567130794	903	66492.24606710672
525	-121.83355365721451	-147.47714791483946	136	24386.43080726266
526	-168.55989908242017	-148.0573472187116	280	8457.129511594772
527	-227.65584323948568	-149.33143569155553	376	13209.990014493465
528	-176.83449729632872	-149.88684279055886	126	3928.1428534835577
529	-190.6266213201648	-147.5118610067474	541	19772.77951490879
530	-328.23005210039094	-150.27525219908287	154	9412.185612171888
531	-80.03736606455857	-149.5183653038898	130	3110.3758354485035
532	-117.48427605231149	-148.3824429092555	152	6740.06299328804
533	-172.73763478406397	-149.27134906273184	150	15621.067566484213
534	-121.10609688765312	-149.28776272708473	110	24843.505299896
535	-290.1848490235305	-151.1657619367899	171	6464.255702421069
536	-111.04754723592276	-151.07816324295456	119	13308.169530570507
537	-391.13957089038297	-154.30741779443758	484	66810.59759765863
538	-45.82512854105665	-154.24333990947164	84	4177.522134184837
539	-529.2892956985509	-158.71167960018013	245	15945.610874474049
540	-231.14858761243153	-159.29998990439427	427	47561.19449195266
541	-232.2770028434807	-161.1598979148762	301	34603.466067537665
542	-120.35423112914897	-161.628217584253	127	10942.866117626429
543	-345.527928413287	-164.70921805553476	424	75790.23486232758
544	-129.0082117184208	-164.95777984029877	186	11698.200110554695
545	-251.6218831016824	-166.81282743797027	174	5706.689301490784
546	-69.12142244340563	-164.1978427545934	72	22799.38239890337
547	-163.28040457566084	-164.9522643134054	489	26470.541273757815
548	-72.3819161465489	-165.2038304254675	158	10161.18884037435
549	-113.52793040231278	-165.6205747162778	117	8709.234988927841
550	-149.96436040174478	-165.91613411605022	140	4541.030310750008
551	-373.8817570785533	-167.94192910860204	205	18540.525834798813
552	-228.2654370074394	-169.27146343271093	408	16236.332036554813
553	-57.45554844633105	-168.86425577561286	138	12778.437553942204
554	-57.56544069788427	-168.20641825891775	182	10345.317260980606
555	-67.39627695351317	-168.13144226190587	116	42961.62436038256
556	-93.81727037032334	-168.27541361058255	108	7185.589738816023
557	-206.66377850712524	-168.34190214052137	243	18170.026028871536
558	-118.3014733910519	-166.90324733932994	147	13229.965177237988
559	-96.30972733386841	-166.85882974080297	248	18760.94377064705
560	-160.8027066216508	-166.14227645005937	112	5739.366646379232
561	-234.03326496328793	-167.58080031478877	179	6104.084819197655
562	-218.8763877284866	-168.6759528289786	147	6581.564486473799
563	-21.47094430791796	-167.7584750644788	119	5063.535449981689
564	-364.0005749160436	-169.9250883493072	350	13168.755158871412
565	-99.07330827320094	-169.7029257470567	100	2930.4524723887444
566	-112.23179221943526	-169.6535973747706	124	21173.16182887554
567	-248.5524798367299	-170.4820721418607	237	7189.96033129096
568	-118.24402390877455	-170.80591551619116	107	6963.493346065283
569	-159.56654702354223	-170.61942666927646	541	117138.30332666636
570	-62.19306783192415	-169.24906379728714	102	3877.019590675831
571	-137.01730222382992	-169.4984940817493	99	8312.537724256516
572	-155.5835877451404	-170.31659056307535	137	26398.228488326073
573	-38.96571891754999	-170.168248361823	142	14278.245362401009
574	-102.27494431166397	-170.934899300707	112	9371.09565359354
575	-108.30969769443317	-170.15231748326588	105	5748.152014374733
576	-234.26034856534028	-169.39875157897723	279	30904.39906489849
577	-72.48425675356314	-168.1431117745567	156	75006.65377604961
578	-6.061378466808591	-167.15940830389258	143	20367.039494514465
579	-191.21952647030983	-168.23166764286694	129	17072.56568324566
580	-219.85023611598825	-168.96048054449102	99	20501.24966430664
581	-183.53381591356523	-168.16894921425532	230	35835.82362419367
582	-149.79332882289992	-168.24386178431152	530	23793.073318697512
583	-239.37514782650996	-169.57583331299952	341	16287.13844743371
584	-64.77709038590845	-169.58622997449964	119	19430.46341598034
585	-195.25408206616132	-170.08169154750755	89	5970.710020184517
586	-146.09187206657083	-169.0933297254244	206	17014.840015769005
587	-246.5717060851891	-169.47731788390348	154	24244.768661737442
588	-290.240669735907	-171.02789257887613	675	42937.54120464623
589	-93.06075252794493	-170.1238602830149	249	29518.225323215127
590	-311.640398033004	-171.43643303984518	921	60605.949280142784
591	-241.84683977845893	-170.6019858557889	130	11628.098271608353
592	-99.87074466344747	-170.47976466754943	122	33432.75617879629
593	-280.3127007224098	-171.1937824717434	125	14750.68341165781
594	-149.28756110680217	-171.2260423473809	96	5319.238012135029
595	-115.96621900419686	-170.5125476589682	185	6144.786615803838
596	-73.68211951221951	-170.7227353157154	1000	73074.06289662421
597	-80.76009062450323	-169.7617343727423	109	3539.5513521432877
598	-40.7773226852199	-167.2554193683575	1000	45260.90807534754
599	-79.58269275851983	-165.39421034158107	1000	44906.54670698941
600	-285.37013649638743	-166.51202775164415	421	59981.687765300274
601	-102.17125432358773	-166.4539061541921	156	17137.137444972992
602	-103.05090053625251	-167.15627229104885	131	9710.100017726421
603	-34.91319897507364	-166.15567336767353	150	6197.737092345953
604	-214.1590577706785	-167.49707433368096	110	6170.702924370766
605	-158.57320317105518	-166.45975739212764	153	24311.47363463044
606	-211.87014390331177	-166.75398638601243	205	5644.507503151894
607	91.64969112894329	-164.50350170425375	1000	87098.96035158634
608	-82.47357664919261	-164.53657003953793	169	7502.305146574974
609	-286.18427723617043	-166.438291485382	185	10277.941235035658
610	7.248991769802152	-162.5171993733432	1000	83367.3780914694
611	15.99046135564471	-160.89731783668907	1000	44450.21417865157
612	-213.52719704314904	-162.0482832397787	162	4035.1956037580967
613	-35.5680023050247	-159.25825967689718	1000	34548.054438859224
614	-48.59203067841262	-156.41971200455978	1000	75193.64748905599
615	-2.434062234017156	-155.676328827346	1000	19343.144830718637
616	-151.1970730148712	-155.4919011840985	294	11022.753761708736
617	-115.90386747381832	-155.27222963787182	1000	84521.84824874997
618	-215.36527540977715	-155.6411677798593	155	9568.868651807308
619	-70.85055372642562	-154.55980898839124	1000	27066.480668634176
620	-216.45848917153347	-154.65850237343955	213	8007.401724636555
621	-42.48077899076506	-154.46356853600938	148	5467.652111083269
622	-122.8002297982236	-153.92501467883713	137	2994.343948185444
623	-198.4569813173622	-154.52555778949775	261	7722.7805456370115
624	-118.68116057652367	-155.0376342421053	311	13112.072512075305
625	-83.94113233022696	-152.4563713716907	226	9761.920033574104
626	30.93971559841057	-150.9437647453974	1000	35286.13916103542
627	-95.38920066270148	-150.2193023848061	192	4020.8629079163074
628	-36.555184614328255	-148.32721665584415	1000	28529.056317597628
629	72.0630513444787	-145.8628844910837	1000	27288.20772625506
630	-40.54199641232725	-144.37689810585755	1000	18766.130950950086
631	-261.76176880588946	-143.7187962910605	502	5389.024447374046
632	-44.251441442927884	-143.36448020569782	148	1957.3600304424763
633	-170.1419151935658	-143.88584296947263	100	844.2095135748386
634	-97.803594757786	-143.14392178109364	241	4342.283793956041
635	-117.81395532475047	-143.1113263200748	145	5034.562173292041
636	-61.57676955077916	-140.84787998866142	1000	17006.67684384808
637	34.787074919713554	-139.40397283860563	1000	20826.32866478339
638	-44.168678013068444	-135.96861746358272	201	4741.777042537928
639	8.787127862063315	-135.42790205365083	1000	20306.347920536995
640	-214.00701073999784	-132.30629527188293	255	6276.261347681284
641	-151.7929617415984	-131.5205960058351	143	4908.703473895788
642	-131.31749615249555	-130.5209969296867	503	9611.711872451007
643	-62.64602065800891	-129.9496285091804	1000	13229.530650638044
644	-44.17761621290242	-126.96596205175085	141	1194.0319885015488
645	-36.42020975617695	-126.04924916103559	134	2815.4986119270325
646	-11.922273777090217	-123.67598570237625	1000	8961.075620099902
647	-55.61499453570711	-123.54225869338914	1000	17421.294768586755
648	-212.7969365885013	-124.03252138658559	1000	13351.176706679165
649	66.73559038886151	-122.65512033177954	1000	48895.86744958162
650	-190.56944226097755	-123.41790757790493	135	1772.368110626936
651	-177.66731156131064	-123.69219422304916	450	7552.900747299194
652	-214.82746081614334	-122.11739921055003	400	8763.577378749847
653	-270.8412880120809	-122.53894228980391	453	10522.321156479418
654	-44.909337855464955	-122.41472238296367	1000	19159.431088879704
655	56.603968191302194	-121.284332195942	1000	20917.825226545334
656	60.541167697497514	-120.01762482315972	1000	22863.162437722087
657	86.04488095897806	-118.2368114436617	1000	43116.64944581315
658	51.9675536964705	-115.67610518422016	1000	25995.5741224885
659	-21.641035841688677	-114.71907114907795	1000	13669.464543316513
660	-190.0968586054499	-115.64765660721241	275	3030.5730027109385
661	-80.06358236714314	-114.84825933736582	240	2289.9223120883107
662	7.191221631836642	-112.45989808394874	1000	14578.927722215652
663	-183.51328889951628	-112.1097683925728	220	3165.7783377319574
664	-113.59621035608518	-113.02189973958433	82	559.3893350362778
665	-239.165535380983	-111.7859092491382	299	2357.3863940015435
666	-154.8700229097965	-112.33835196831241	162	2362.665284782648
667	-120.83189699277376	-112.42350152052367	158	3745.820961110294
668	-31.78204274399212	-110.27725956911044	1000	16053.875803597271
669	49.51553713461508	-108.61627381620558	1000	14978.95104469359
670	-37.40048601998046	-107.40670885577426	143	3622.951975956559
671	-43.07125769198768	-107.21738400290361	1000	28642.47152980417
672	-123.74052023746093	-107.08593071590987	113	2876.976453617215
673	-76.44714892058909	-106.30240161863709	123	588.6900664418936
674	-301.78141087824264	-108.90453718260433	276	2781.46246240288
675	-54.07729775885494	-108.42733276128939	132	3497.2164927124977
676	63.59672962410578	-106.72528892645238	1000	23841.716377824545
677	-33.100846427592316	-104.73361068746479	1000	10368.478497497737
678	-90.26319865043581	-104.9096398151566	1000	10953.672208216041
679	-93.47944132492749	-105.77516518998945	124	881.2379545718431
680	-401.3474241411229	-107.85563942435394	802	14197.674469992518
681	-2.743061259586585	-105.7060634356767	1000	17926.078075297177
682	-42.010319851548346	-104.30484070238938	1000	13506.592168554664
683	-43.11627293303435	-103.24863222823228	1000	11167.131148599088
684	-10.447823807729288	-100.98202505972951	1000	8417.902625873685
685	-66.12185168360948	-100.99533952802359	1000	10573.928107177839
686	-558.926448834939	-104.59605603068474	852	14593.550501294434
687	-475.9587790838657	-107.86206501105401	748	8188.519097313285
688	-292.6840060575215	-108.31862243652265	236	2694.298737987876
689	-85.99251383226782	-106.29636346717967	1000	13069.086130686104
690	-24.92446470501858	-105.62174675606158	86	2170.4584927111864
691	-314.7429773968205	-105.65246536362413	656	8819.92150247842
692	-93.10193336207118	-104.17974351791733	199	8648.50893921405
693	-140.67550708358442	-104.58375106663154	628	9780.480929635465
694	-172.95408652707187	-103.52079449044008	143	2136.481880530715
695	-191.8130332834382	-103.9418387694167	612	8613.737174928188
696	-115.88513316269547	-103.94103593930284	200	1694.5925494879484
697	31.840812739667037	-102.8962544318584	1000	13156.382048796862
698	-164.47460197584638	-103.7251109798915	92	787.093586742878
699	-143.40615057434658	-104.74123798869475	249	4529.197606801987
700	-158.7941819836442	-105.52551015924051	128	1344.417701691389
701	-242.24037626235412	-105.09848283019068	189	2776.428589794785
702	-55.48301668905217	-104.6362230516309	1000	14586.002021327615
703	-63.082690389433324	-104.24049819869212	122	2593.406344346702
704	-23.54816898099153	-104.12797314924575	1000	9972.27236925438
705	-62.87659356508267	-102.63012696899233	124	657.1174799352884
706	-280.7320051680724	-103.83962005807173	985	15778.009872198105
707	-298.3675690674159	-104.69603020821137	262	2539.476509064436
708	-215.61346428789773	-107.73823966778401	162	3231.960831195116
709	-180.1797720917155	-108.70562774147238	154	1606.8882794380188
710	-244.1450414169212	-108.28939768385604	193	2517.543941065669
711	-214.371253578327	-110.48365753878802	232	2566.067133381963
712	-283.8752115083123	-113.45262459684699	174	7450.928473621607
713	-454.2335534796198	-115.83585584869324	289	11411.513711094856
714	-4.542128224775159	-115.52866897661156	1000	19463.959515318274
715	-67.38933981891401	-115.7147809482997	1000	20802.679280774668
716	21.519440073537794	-115.47761755911598	1000	20941.992578472942
717	-3.3286501038210075	-114.01357376791748	1000	18047.412544269115
718	-109.90941525331982	-113.95422275583333	1000	9810.83331682533
719	4.9162288618533765	-111.77321776304491	1000	19230.593178510666
720	-290.64760916748116	-113.94942623275833	104	3285.275588989258
721	-222.6807528817481	-114.0110328041466	447	8118.841391526163
722	19.74812214211417	-113.39490507015769	1000	12136.316055286676
723	-84.21568533453718	-113.01287987744792	1000	20792.109426766634
724	-18.173732524710744	-111.22789721613454	1000	14806.251722153276
725	-109.04947200242873	-111.13253396292568	96	879.1438706964254
726	-333.2850286976553	-113.60128541210814	700	8746.130787339061
727	-91.24392610256706	-114.81102443885048	1000	14770.164137858897
728	2.8974623488888716	-113.83788916150802	1000	10117.520041190088
729	-94.23863793553964	-114.40901246171805	87	1805.037918612361
730	-40.652265491180444	-115.52500569771466	115	1892.804236292839
731	33.90601089211452	-114.78789671450237	1000	12807.063941344619
732	-123.9515041838246	-113.42343864893735	477	6555.326032988727
733	-72.92649746788001	-113.70735009472898	379	3394.30262398161
734	-16.93462951785098	-112.19044627615754	1000	10832.554907206446
735	-164.58513712663608	-112.85164966594814	707	12722.881845220923
736	-128.13600897593074	-112.95384821694992	220	2226.6669263765216
737	-103.82530098329457	-113.37215050836097	311	4447.817283824086
738	-497.9857115907591	-118.64712859262309	242	4694.137211896479
739	-20.898564278712854	-118.41673142693638	101	2279.3396405130625
740	-177.27166290378364	-120.25889767214278	493	6082.593907631934
741	-99.19887738168984	-119.12218348047638	1000	16968.813666522503
742	-101.01008090523534	-118.61938268011633	1000	13156.922254253179
743	-42.3205780973093	-117.73822507560955	1000	7681.738075628877
744	-30.065446131074587	-117.4156451297983	1000	20474.762741737068
745	67.56639137678695	-116.30926881702912	1000	10125.296711608768
746	-260.7554975515185	-118.5304102803493	197	1563.4911616146564
747	69.6041255988216	-117.7232182073205	1000	8649.05987304449
748	38.64926602349901	-116.78990869683328	1000	6721.54081408307
749	-101.17079497449666	-115.68469937392236	510	5653.7170214969665
750	-11.322379666406022	-116.45755056258835	92	2747.0038812682033
751	-55.1015450846483	-115.11628425391184	741	9376.994685865939
752	-206.05133124642947	-115.39731415178431	219	1517.88071654737
753	-52.631735345921456	-113.79141587980195	115	762.2046808004379
754	-73.4378568829978	-111.83692646268231	123	498.56045334786177
755	-72.05229506129787	-112.10566861323511	312	6670.511890292168
756	-307.90829160024765	-115.71470088839897	725	8568.418457113206
