Episodes	Reward	AvgReward	Iterations	Loss
0	-164.1205902885281	-164.1205902885281	82	27.004869781434536
1	-73.4760243078752	-118.79830729820165	130	4169.753275349736
2	-229.7675463475932	-155.78805364799882	88	1551.1499089375138
3	-135.80554715368942	-150.79242702442147	65	1456.1171030923724
4	-270.5922412342794	-174.75238986639306	94	2489.1223457977176
5	-112.43785095378921	-164.3666333809591	110	1053.0881559550762
6	-148.76725670100583	-162.1381509981086	62	2476.108696565032
7	-168.53824618116505	-162.9381628959907	68	1076.9391382336617
8	-362.9907726787698	-185.16623064963284	100	4162.529561601579
9	-209.78397080799223	-187.62800466546878	114	839.8563780933619
10	-158.73927268297427	-185.00175630342383	79	1099.1939603611827
11	-120.4804442053047	-179.62498029524724	111	2218.34089794755
12	-355.06373492778414	-193.12026911313467	86	3339.7539775148034
13	-114.3147633559858	-187.49130441619545	68	2191.7850528024137
14	-259.3052159481906	-192.27889851832848	86	2340.1805221885443
15	-126.4695988914022	-188.16581729164557	91	1187.8133606389165
16	-471.8615679283367	-204.85380262321564	110	1149.9090867619962
17	-130.49891053578747	-200.7229752850252	118	3355.092788834125
18	-322.09555983371826	-207.11100605074589	93	1652.849727794528
19	-150.3328904137506	-204.2721002688961	83	628.7448006644845
20	-269.10897329062925	-207.35957041278817	81	2324.6261799409986
21	-219.09791747362218	-207.8931316428261	121	2021.4425529316068
22	-93.87008789979136	-202.9356080018246	130	1208.8962210863829
23	-118.93609014823332	-199.43562809125828	88	754.0264557600021
24	-232.65211073694812	-200.76428739708587	85	672.9222616702318
25	-256.4127025955766	-202.90461105856627	78	1354.7361089885235
26	-125.79607260806081	-200.04873926410312	70	251.6083005219698
27	-235.70069823724236	-201.32202351314382	99	754.8904254585505
28	-200.24332828915385	-201.28482712610966	79	535.6665170043707
29	-204.28798094649136	-201.3849322534557	98	1023.0716154910624
30	-173.8993186280381	-200.49829955586156	86	181.0611446276307
31	-81.92897338497389	-196.79300811302136	87	1324.577355362475
32	-165.8588226474563	-195.85560855345878	86	1281.0923618525267
33	-108.77641628004365	-193.29445583953483	118	1231.710563622415
34	-243.89534902239055	-194.74019564475927	142	1637.9057396799326
35	-269.93419591001265	-196.82891787434966	99	566.2615478634834
36	-142.9422969800795	-195.37252271504505	93	860.0296255871654
37	-106.34766762558138	-193.0297633705855	59	745.3414363414049
38	-206.7865760530887	-193.38250215731634	98	1311.4149833917618
39	-245.10108944561082	-194.67546683952366	125	1028.6455400437117
40	-592.5517986718039	-204.37976761592074	95	1326.1702182553709
41	-291.14930417993764	-206.44570896268306	100	577.918828330934
42	-59.800269772364835	-203.0353499117454	161	1785.351474583149
43	-113.31921453433816	-200.99634683498616	87	421.58081908524036
44	-75.11992108702351	-198.19909292947588	125	854.77315749228
45	-173.30073942030617	-197.6578243749287	78	4508.679729729891
46	-160.8922650700277	-196.87557843227125	76	1287.876577630639
47	-347.39726525882264	-200.0114469078244	78	501.25230038166046
48	-66.9677627161106	-197.29626967942207	90	2116.1037513250485
49	-187.53386852602966	-197.10102165635425	110	1750.2921634167433
50	-155.07274462315047	-196.27693779295808	78	1263.3441253602505
51	-202.14774074314045	-196.38983784969238	84	944.8871980458498
52	-182.20642392743363	-196.12222626625353	99	1263.4472286701202
53	-137.531625336253	-195.03721513792019	159	1122.0793598294258
54	-252.72698989974407	-196.0861201335897	90	210.22322124242783
55	-380.3493805539506	-199.376535498239	97	1792.9136568382382
56	-242.27344136043368	-200.129112794067	107	1247.2275005616248
57	-189.62835775953124	-199.94806529347153	84	1071.6884695664048
58	-278.9807914339692	-201.28760302466642	115	966.2883639037609
59	-283.6056056780733	-202.65956973555652	69	692.2493392452598
60	-189.04764078151783	-202.4364233592608	110	1468.2235601991415
61	-124.37811826443465	-201.17741843837652	65	601.93976072222
62	-130.19259187711938	-200.0506751596264	60	824.9669616818428
63	-241.0759903982763	-200.6916957102303	128	1404.8639904037118
64	-410.9535576467869	-203.92649358617732	145	1784.6992090046406
65	-235.2796892386786	-204.4015420051546	116	2039.275030836463
66	-167.71026745844847	-203.8539110417709	90	1203.8958019986749
67	-179.72521146113564	-203.49907722440864	103	827.1124116033316
68	-349.5511382110184	-205.61577376044644	119	874.4122068360448
69	3.9138134344656237	-202.6224939433763	101	653.1668853908777
70	-131.08646850199915	-201.6149442892724	76	527.5095762386918
71	-158.67824188859453	-201.01860120037412	89	1265.7173307836056
72	-193.2754570666463	-200.9125307327888	118	615.4919574335217
73	-242.80149797195557	-201.4785978576424	137	861.9509818255901
74	-120.5998557298175	-200.4002146292714	157	1791.1551119945943
75	-95.52913134544524	-199.02033195448422	102	1301.5611323267221
76	-343.64829496427944	-200.89861718837767	120	1337.4805443435907
77	-250.4607439417774	-201.53402906983152	119	1071.9224487170577
78	-241.52957367952632	-202.04030178640994	121	1763.9910890087485
79	-167.64200376015998	-201.61032306108183	93	685.8998440997675
80	-106.41592559836204	-200.43508358623342	70	1115.3662224709988
81	-30.554112522562093	-198.36336442692036	78	1758.1891597285867
82	-145.18539273834392	-197.72266597284113	152	1727.8924611210823
83	-137.8274281480792	-197.00962742730826	86	435.1323438733816
84	-159.72715656636143	-196.57101012306182	91	756.538865223527
85	-292.71796424385525	-197.6889979616757	119	2439.264410160482
86	71.14731946337379	-194.5989253475947	1000	15299.336585976183
87	-161.47341343106766	-194.2224990758159	124	3687.27699097991
88	-107.03820113259798	-193.2429002225213	102	2036.67707850039
89	-104.51740396313158	-192.25706137519475	89	947.1052141189575
90	-322.89712228400487	-193.69266644012671	141	3961.60027089715
91	-122.42097853787949	-192.9179741803197	93	638.4835677146912
92	-187.14917797981553	-192.8559441136476	129	2414.967360958457
93	-135.6736828244239	-192.24762218503886	85	2828.6411043182015
94	-196.74999629767507	-192.29501559675083	98	3386.37873890996
95	-242.55706802077114	-192.81857864283438	95	3127.0631797909737
96	-151.69432533800014	-192.39461726855777	81	3080.826182603836
97	-77.3277211289214	-191.22046526713288	104	4135.788972765207
98	-164.59749553445727	-190.95154638094425	100	6487.359208881855
99	-114.13681702674857	-190.18339908740228	99	3141.307446293533
100	-278.94036336561817	-191.06218091193907	116	3475.460137605667
101	-213.16566697698897	-191.54777573063666	153	2068.1018920242786
102	-180.0208874545267	-192.60267536575208	77	1218.048108562827
103	-166.8089354407656	-191.9793227825161	168	3073.124926060438
104	-109.13333675936913	-191.71524149148323	82	2186.6099438518286
105	-248.91900951583122	-191.50065503882533	114	2606.6900033056736
106	-184.37438903315524	-192.21289799010626	120	1458.1753607541323
107	-89.88011601621449	-191.6298569932271	83	1341.221489816904
108	-231.6544431011567	-192.25476983401907	118	3298.3499687239528
109	-241.1566018930096	-191.04849091534825	77	638.5897819250822
110	-182.86788018822386	-190.7819949686178	66	460.48184859752655
111	-176.11946882472915	-190.9540761185362	138	1543.135541498661
112	-148.41127470576913	-191.23061899477844	77	1459.173202946782
113	-150.06793866354508	-189.20095764562754	102	2443.1587112993
114	-158.87653337550552	-189.6421632893852	104	2866.653128862381
115	-220.35520555024203	-189.25651962207877	84	976.7057084739208
116	-249.1556727688292	-190.47123322482554	97	1035.7513544037938
117	-201.36145970079124	-187.7930143314835	97	744.2842217460275
118	-207.45067916558793	-188.55491303078844	134	2093.0662707313895
119	-456.1431013792336	-189.88211641242725	122	1519.867680363357
120	-190.4996644643087	-190.279807244611	103	924.9058813899755
121	-135.53727036773395	-188.95731513646348	81	1714.2303239181638
122	-201.6514938059758	-188.78457826846702	118	1594.2815015017986
123	-244.27724600268127	-190.27375805166395	89	1543.9799772650003
124	-102.21069128113778	-190.10816004307887	72	2165.377085506916
125	-204.19637144726804	-189.82642005011175	94	1892.7883753180504
126	-225.42394942740214	-189.51960071181298	102	990.1011821180582
127	-185.1955150170047	-190.10771400299063	129	2447.3972918391228
128	-157.97983059824423	-189.33820046201043	118	1708.934185191989
129	-152.12607332682077	-188.8617919970368	99	1354.085990190506
130	-231.0766239738128	-189.1270260864162	75	2084.875018365681
131	-133.9753317236032	-188.7317390873624	113	1734.8121659196913
132	-133.77466916042835	-189.24506280791147	139	3159.891591913998
133	-188.2110120849452	-189.46637161422325	114	2818.566466487944
134	-136.4136685292756	-189.74000777510673	95	2752.8156016469
135	-136.1444783094719	-188.67316747101844	107	4097.685978382826
136	-302.88417633039774	-188.99940490092325	96	2634.3806656450033
137	-114.53275052425674	-188.7181222627468	69	1489.0631229877472
138	-169.99377832388248	-189.34828177461114	68	914.6983227133751
139	-119.08375947964893	-188.47993705606223	123	3751.114791661501
140	-140.7400795178342	-187.44665973004464	196	5551.881809979677
141	-53.17455483661696	-182.1062909792012	85	3150.8826486691833
142	-120.76753673544607	-180.41934278668148	159	4409.411233790219
143	-178.0102996563371	-181.58973912216632	72	4719.668860860169
144	-198.66672677419905	-182.43476399582832	88	3214.1242110729218
145	-80.67735829040987	-182.4897881265549	121	6595.060094177723
146	-145.7583896844354	-182.2170915945166	76	4179.160622090101
147	-225.19961819051193	-182.85379806105607	101	4253.446610569954
148	-167.12014802793863	-181.06887610827508	104	1171.7208281755447
149	-100.43020765100245	-181.4001874442641	87	2119.5385361388326
150	-279.0763029340756	-182.3065481809774	119	1011.9253890812397
151	-248.57792529037474	-183.2323420489697	96	2017.2790187597275
152	-64.57929105600111	-181.87027819068118	79	812.176957719028
153	-332.489496908943	-183.35822940831994	130	2968.8256088495255
154	-173.61429047902374	-183.71548351864436	100	1975.4517026543617
155	-297.60573161540805	-184.15982749602722	100	1555.6891891360283
156	-255.0007214739808	-182.9187516635523	114	2287.137845814228
157	-127.22135895321166	-181.7796221347679	163	5622.775370087475
158	-263.41890425687296	-182.5102216050386	152	1399.8400300070643
159	-165.16078603650305	-181.38329085852902	129	2423.9966683872044
160	-257.5157464061724	-181.1249754201934	84	2189.7849928438663
161	-215.04157820834777	-181.38234113729072	98	1857.1214979290962
162	-173.89464867990966	-181.87260381467166	175	3610.121689479798
163	-161.56687708681642	-182.18324030189638	81	3521.461009979248
164	-229.91517618082798	-182.07273719083256	116	2273.346764624119
165	-83.1112266123234	-178.82677351722398	153	2207.6759028062224
166	-375.7740430254122	-180.21780672303322	97	1558.2908375263214
167	-176.1821611094545	-180.30168685819166	136	1134.5527140647173
168	-72.15006132162546	-179.2365863617609	167	4442.408442534506
169	-184.79990918413006	-177.60538607436592	127	2955.5259398445487
170	-146.40503876944788	-179.09369154173143	73	307.4500842243433
171	-235.17975407368723	-180.1243181315501	120	2146.444096714258
172	-46.2863153215043	-179.01152677940073	109	2355.6882941424847
173	-140.9148014692935	-178.49310444675365	124	4452.218706533313
174	-180.2712709889317	-177.8739932885059	116	1003.9096422195435
175	-105.81857625729928	-177.7276439867978	142	1687.7892308458686
176	-144.3518475232513	-178.21103721628103	108	1558.1283149272203
177	-405.6387437062309	-178.82480403550824	123	1621.7494467422366
178	-28.53526177623378	-176.62752203386916	109	4201.091624125838
179	-129.00026320785693	-175.5133704450408	90	1999.2839067280293
180	-128.56595541875865	-175.12647887730415	150	2992.519450992346
181	-182.10104107612656	-175.87583645629192	121	3492.9283249229193
182	-180.77071966063926	-177.36312959627284	98	1788.4420507736504
183	-79.34050962991883	-176.71120006054588	118	1165.3616722226143
184	-220.0280082994728	-177.52506719075768	160	4575.992894873023
185	-213.20153727114337	-178.05451650466645	168	7169.478355385363
186	-213.5615862076725	-177.27078998945672	153	5990.787558495998
187	-260.3818924416746	-180.55325743406115	118	2027.05432382226
188	-183.68910639267315	-180.77321479011664	108	2109.598710566759
189	-97.69357158780933	-180.68069370551484	139	2473.939469985664
190	-236.14925470759655	-181.9839793564501	90	2119.2760667204857
191	-267.2182213997563	-181.4327031100714	155	3429.6608766913414
192	-229.16392737179604	-182.4895639896151	174	4489.097839951515
193	-78.63232030770597	-181.41513965622786	121	2932.692480042577
194	-293.2747759584555	-182.9755465189411	116	2339.5563042759895
195	-152.8292676730481	-182.54068781968735	158	5325.617286406457
196	-316.6664208564444	-183.27444378835736	145	4298.02197766304
197	-102.52103176624131	-182.7875794955677	114	5978.766503944993
198	-218.7941678175962	-184.1882373835744	115	3485.865955144167
199	-141.47109962177103	-183.95926316661712	143	7051.428529381752
200	-142.38320381835408	-184.2389303625736	124	3831.0104110240936
201	-145.85699616195524	-182.92127326154724	78	1102.807448618114
202	-97.00374000774319	-181.7711551727428	113	4565.036933839321
203	-104.75826842116561	-181.0259807268679	93	3266.319457113743
204	-159.6520791819761	-180.9551207639096	127	4925.089253887534
205	-181.7015019020652	-181.67361744849072	142	3438.9895387738943
206	-154.05213346571168	-180.73434144799452	85	1814.4276290237904
207	-163.5348801305975	-180.5280096766821	108	2760.380934357643
208	-120.73564007555973	-180.83350991489343	109	3707.1304700151086
209	-98.48286291425741	-179.51497941799343	87	1761.4364032000303
210	-42.24045069570963	-177.5455125744558	216	6094.963312551379
211	-116.45760971441487	-176.88798514402208	150	1072.40539226681
212	-168.94982221999595	-176.81699854397516	207	2914.3454144895077
213	-242.42799172306064	-177.74785712830482	106	3479.457665324211
214	-211.38249831946973	-178.35493197638326	121	2232.3477393090725
215	-285.30553623340927	-179.606704281907	161	7531.66787776351
216	-105.62970487605159	-178.47080823562786	232	3789.1691996753216
217	-128.6414400297842	-177.27759801048884	105	1820.5578281730413
218	-159.15231198797323	-176.8596856568966	73	2332.977610334754
219	-145.9876963331658	-176.25114127241721	110	6747.271870471537
220	-194.41575889200843	-173.65978144581103	94	979.8458905741572
221	-70.63387810263438	-172.47299148183407	85	1050.930175051093
222	-83.68314335045054	-171.95958428364318	80	1030.54252871871
223	-193.4661924976622	-171.87854169643214	99	707.2892149090767
224	-145.81532169923867	-170.90367115877427	114	5605.1527336239815
225	-76.0532811830264	-170.64468690037714	207	7368.227392196655
226	-124.00928531976558	-169.85075535456028	90	2773.9004140347242
227	-164.41215890762953	-169.24667822070114	173	3186.3355919644237
228	-115.81336931580167	-168.55972628306546	167	11796.836046129465
229	-205.9248787414228	-169.0344297300276	93	2927.635435193777
230	-206.04344809500844	-169.56826512377205	96	5548.134769409895
231	-144.79725474590265	-168.71401394329772	162	4777.864864364266
232	-253.9817500293633	-169.90219630276067	96	6524.306284189224
233	-209.37875446662753	-170.65075160282206	155	7891.763648405671
234	-84.35643474286827	-169.62248846082127	90	12081.920934438705
235	-166.14199921883474	-169.9168283686387	123	7992.450914084911
236	-200.4356443788461	-170.55337456734534	174	23585.132435321808
237	-107.0443677059738	-168.61436656116294	152	1982.9727452397346
238	-83.53198316860019	-168.30742827051287	166	1805.576867222786
239	-194.29605992651307	-168.54804492004388	116	3095.1382868140936
240	-199.7999359704773	-169.3472149843095	131	4507.706402301788
241	-177.60539482628252	-169.71221810617527	109	2565.6842865794897
242	-265.46280993291634	-171.81408201801983	217	14295.018444687128
243	-185.31809149127474	-172.4531964215429	160	15302.186795890331
244	-142.72529630515874	-172.10383995271934	190	7717.190686047077
245	-109.44497959967708	-171.220456317328	108	9538.775074407458
246	-211.25467645444536	-172.51330105162543	168	12572.833635598421
247	-197.99645578189245	-173.03050962684776	107	15037.898262739182
248	-296.88483217503085	-173.74026422075391	97	7740.875992029905
249	-168.1881936169979	-173.7508389295565	151	9297.15269933641
250	-87.92425340615716	-173.6270176003996	157	4227.721541427076
251	-339.6797514351955	-174.22705174397504	100	8878.537016019225
252	-86.91142214625933	-172.62639329700363	112	6570.614959686995
253	-114.04057870838298	-173.11610901633415	149	2739.247482866049
254	-101.61248825699369	-170.83019803958211	161	5869.467645123601
255	-180.91732013824168	-170.90250526393086	131	2374.8222865760326
256	-50.0809085116188	-168.45176444112104	97	878.2469112575054
257	-112.23065819609064	-167.03819945817165	177	7823.376128792763
258	-167.79480171356192	-167.4399167132246	191	3937.494998022914
259	-179.69436899698303	-166.61096091857226	138	6420.776745051146
260	-218.5115386646312	-167.13918619211807	156	11606.218530520797
261	-329.779307429664	-167.85466699433087	130	2018.5218297988176
262	-106.47779680046753	-166.7797780695004	175	8490.717575386167
263	-101.54936024800845	-166.06348808502608	268	18967.517025873065
264	-333.52202936417746	-167.766014345198	234	8084.119692735374
265	-183.16498279481306	-167.30314114335624	119	5298.299894303083
266	-167.50243200982192	-168.13869763244045	127	4544.495161652565
267	-105.97264407825698	-165.46739665276561	143	6322.232201993465
268	-159.87341383699373	-165.30592390749374	141	5779.380727261305
269	-156.66556385864556	-166.14271106132557	84	4301.143162071705
270	-121.89727431686947	-165.51991269630324	164	22870.828451752663
271	-167.6121516727326	-165.72988411118723	114	2159.788834914565
272	-188.11296345750912	-165.26387628330428	110	6038.801826000214
273	-102.61577748852261	-165.82159373050243	202	19705.36744648218
274	-350.5907400845819	-167.89759312273304	594	40241.38139428198
275	-156.5766026611929	-167.66299244622078	143	5819.57017236948
276	-105.11263385670404	-167.65600291750204	160	14168.2696146667
277	-144.9757114939929	-167.6621797884995	132	14900.749097287655
278	-216.31033987880193	-165.7876411367427	113	16044.679334819317
279	-183.108691967984	-167.31807113864124	120	3560.0806216597557
280	-18.99759819980632	-166.22893584153184	84	4831.240277260542
281	-170.74396259048717	-166.64653987293508	166	17449.416099607944
282	-68.57515788923271	-165.52252122752034	114	49438.526543438435
283	-208.3111180267744	-165.7951984390662	177	16953.763653986156
284	-226.77355475685818	-167.25493155913492	69	1187.0837695896626
285	-207.0113052361635	-167.1260533109833	112	4581.102468803525
286	-132.9469888518817	-166.3314538216837	172	13420.262658521533
287	-104.58990434098575	-165.25252627844918	75	2268.1964014470577
288	-25.562902693487274	-162.92758578589286	130	3135.02383813262
289	-216.14527652431778	-163.24893400501807	201	15111.991640210152
290	-158.30290788502566	-163.84902644360437	198	9150.420200068504
291	-139.19387011159355	-162.88907214067362	137	9386.95530769229
292	-120.65852646461661	-161.4379860522069	95	22076.334564357996
293	-323.7658208947199	-162.37463846332497	139	11930.219501078129
294	-106.55707955977795	-162.65112122819696	147	20328.907861053944
295	-181.9915230922973	-161.5493068433835	103	6549.271453142166
296	-157.472024586591	-161.5952747336166	121	11655.746653139591
297	-105.57154810753929	-159.50522648857793	182	4670.169403418899
298	-92.0090866547611	-159.40114782410785	126	12392.735208168626
299	-118.87107602909794	-158.41181028164746	139	10164.683089248836
300	-191.51552204739045	-158.9072996125942	120	2249.8883792907
301	-139.11194842743697	-158.87491094535739	98	1380.0387476980686
302	-151.8241247859356	-158.9339914267829	142	2414.5953144580126
303	-200.86269908025162	-159.9622979522533	165	4793.335068851709
304	-117.02777361183787	-160.08377820166592	180	7896.992118597031
305	-130.10735075902556	-159.79125613807236	113	1974.8965359032154
306	-220.48182609137734	-160.17521974390712	168	5578.387166202068
307	-301.84868300981236	-161.6385519176111	217	10087.895615190268
308	-94.49722397763539	-160.95501076758177	128	9065.127848088741
309	-78.35089334155236	-160.53535980981934	109	3608.5591683387756
310	-115.33320051733648	-160.7021948355924	185	1918.1774095445871
311	-126.64558314266345	-161.53788921625528	128	3102.4466819763184
312	-292.45048070076564	-163.28039288938746	650	64583.27398736775
313	-119.65684282271982	-162.79234358842433	188	40466.378483206034
314	-254.61650274098716	-162.9130219153345	186	39305.65273299813
315	-280.4089479144634	-163.59645210934437	323	35642.56188549101
316	-199.24722627558674	-162.7443896345144	175	17223.795254915953
317	-135.14175175460997	-163.03658811846054	128	2429.1920596957207
318	-216.1670066349378	-163.9031778868284	234	17586.52639758587
319	-165.4218013865447	-163.9652520392895	130	7197.511163383722
320	-206.2751139911187	-164.56215716461583	207	25362.98012536764
321	-158.62063772475074	-164.20775002434593	117	6577.077225327492
322	-160.46698028888517	-165.0971866796553	122	9507.929558306932
323	-74.23703901056982	-165.00366089411196	116	6428.466089725494
324	-230.20195048542993	-165.36738127022844	129	5081.600310087204
325	-247.6273171463537	-166.3754208291108	244	15220.122643321753
326	-240.8752317262314	-168.00732132953854	274	30783.649259969592
327	-60.89566026843867	-167.3824339527927	109	45839.30721014738
328	-459.44847098090713	-170.30358555747864	110	25707.335242897272
329	-139.42961591114243	-170.53740978119487	153	12041.56089130044
330	-106.26815401261794	-169.55070953635527	98	4117.01565861702
331	-361.4795061517628	-171.0896804082043	318	9214.168933816254
332	-149.5002062091774	-171.1362442840783	119	15095.722962915897
333	-113.05000651597523	-169.740880486916	155	3422.6518039405346
334	-5.887152622697641	-167.7261121518276	182	11182.173926964402
335	-130.0109883245768	-168.1781374348148	168	20612.405144274235
336	-238.37214356240813	-168.8932873788106	201	4198.109130889177
337	-373.2078242282764	-170.6039030208842	102	4656.38736744225
338	-133.2996382732617	-170.86385619481766	175	6098.823221027851
339	-39.01969639701789	-170.42314048420798	102	7235.315603137016
340	-79.40819032571346	-169.28563682479415	169	7540.403293669224
341	-246.83144286358922	-169.75129530888435	321	18119.225675284863
342	-258.32553628096275	-170.5505046302178	149	13461.379096105695
343	-69.77812130916193	-168.6130324656262	120	10419.150447309017
344	-176.76774446735322	-168.52837556439923	144	6864.898917913437
345	-149.42206487829944	-168.5946802037373	194	26617.343497425318
346	-126.85869922173843	-168.76709326930225	137	4919.480069100857
347	-207.64114659139102	-168.7313157459057	149	3255.7490985691547
348	-103.1516629363169	-167.792258390999	167	13540.234747558832
349	-66.04192858679929	-165.50668508814525	101	15064.630624234676
350	-261.09298231057255	-166.42653448115092	128	16840.42764133215
351	-240.78930400320883	-167.940049833597	116	17206.4943190217
352	-198.3755453270655	-166.5409982879719	147	17275.745368421078
353	-168.5571954574749	-167.34937228115223	117	17817.21683615446
354	-110.68420412546922	-167.3161408496382	88	12670.670636594296
355	-234.86744611150945	-168.63549686799973	156	38198.43773162365
356	-194.81855454747853	-168.77313285224963	171	5298.315362691879
357	-304.2722390663895	-171.28987869932655	211	60940.6958065629
358	-270.9752909466388	-172.86160773646074	308	23339.308794289827
359	-292.516589919113	-174.09647692661468	319	29292.153545305133
360	-142.73873294170517	-173.7305795399288	159	22740.78025856614
361	-111.13926315420817	-172.6674877031919	120	9477.103061676025
362	-130.96344426779078	-170.6990138105001	149	45717.795133024454
363	-99.91185752795411	-170.6340045107723	130	11364.395598948002
364	-173.15128896903195	-171.3429344981091	154	39566.079218029976
365	-115.13209317086894	-169.18065790213575	107	24841.335789620876
366	-112.58543063791943	-168.48185045503783	144	55383.741740345955
367	-164.6343395488421	-168.4534534999786	112	78135.48529028893
368	-327.2763849899691	-170.6445796476193	86	45832.60240089893
369	-290.74106721828355	-171.94029898802813	126	31254.913150846958
370	-125.63957418771531	-171.63311097148429	135	48325.950418293476
371	-173.97575806852478	-172.14873952348088	90	37695.372359484434
372	-142.72590278819288	-171.90234101967354	117	11454.793250918388
373	-248.91998659762763	-172.5043907537341	150	7829.454003512859
374	-19.63005026427983	-171.68274989012775	106	14154.792572021484
375	-111.36678559818496	-169.3141958853119	126	29796.754089653492
376	-156.35760524758388	-169.31202759408805	101	9171.30571576953
377	-259.85088404379604	-170.84408947712856	240	39531.999506533146
378	-130.42161125070555	-170.6999894747198	226	26365.70355051756
