Episodes	Reward	AvgReward	Iterations	Loss
0	-201.25840761142376	-201.25840761142376	68	0
1	-140.7751493223445	-171.01677846688415	118	1705.1049912571907
2	-164.8032191849162	-168.9455920395615	116	2772.6886742711067
3	-146.2142687252819	-163.26276121099158	71	1561.2093147039413
4	-182.17051131183916	-167.0443112311611	60	1483.8924104571342
5	-349.555643055714	-197.46286653525326	120	3042.595354437828
6	-174.31725527134364	-194.15635064040902	99	4611.864562630653
7	-172.40566568670175	-191.43751502119562	113	1633.638322710991
8	-223.88261606049832	-195.04252624778482	148	906.4878125190735
9	-166.12685178843103	-192.1509588018494	126	768.7340595126152
10	-97.77374890446954	-183.57121244754217	76	414.65814220905304
11	-64.62892146498658	-173.65935486566252	93	549.84131026268
12	-148.52791580695407	-171.72616724576184	85	742.9749127626419
13	-157.8601349791709	-170.7357363695768	68	531.5722519755363
14	-165.1658415999247	-170.36441005159998	136	815.7100737690926
15	-143.63198463484585	-168.69363346305286	90	599.6560425758362
16	-127.10316822846949	-166.24713550807738	124	1072.4525774419308
17	-192.07314422431187	-167.6819137700904	86	504.92000567913055
18	-108.33600623047373	-164.55844495221584	80	734.426426410675
19	-179.7826930772346	-165.31965735846677	92	538.2419149279594
20	-220.57379385788886	-167.95080671558213	91	482.45031094551086
21	-141.17066712682728	-166.733527643366	84	642.9249091744423
22	-133.49633506578613	-165.288432313906	73	551.7800595164299
23	-149.65773661416293	-164.63715332641672	72	499.67014169692993
24	-155.83078488034505	-164.28489858857384	64	526.9440331459045
25	-197.22110154405505	-165.55167562532313	139	872.0583693981171
26	-163.79176359733935	-165.48649369836076	67	359.71406066417694
27	-125.5341565797928	-164.05962451555476	59	410.57536739110947
28	-151.5255033339747	-163.62741344032784	69	406.0138339996338
29	-170.54201864873863	-163.85790028060822	116	750.1729486584663
30	-146.5675214119172	-163.30014612355367	75	452.9014236330986
31	-203.58113087430115	-164.55892689701452	99	613.7534652352333
32	-246.82856304579263	-167.05194617425022	104	507.99221777915955
33	-172.0530779590182	-167.19903828556693	132	861.3570806980133
34	-167.5055680286721	-167.20779627822708	87	426.4855509400368
35	-124.33256698749959	-166.01681768681797	67	387.78610783815384
36	-241.7542448591809	-168.06377517796292	64	401.6215192079544
37	-162.0127460842322	-167.90453757023317	92	875.2772367596626
38	-131.04290186367183	-166.9593674239111	81	487.322170317173
39	-59.226534679786624	-164.26604660530796	107	828.3641421794891
40	-170.20450479629676	-164.41088704899062	116	915.6648092269897
41	-199.3125697242674	-165.24187949364008	75	676.8955270051956
42	-261.72240294035157	-167.48561259705195	127	1041.0113658308983
43	-112.44801593909432	-166.23475812755294	122	1154.4384723901749
44	-313.540802204008	-169.50822577369638	107	1001.7920746207237
45	-128.53206487854237	-168.61743966728	133	1654.6194840669632
46	-145.35006346481507	-168.12238910978076	83	786.1752081513405
47	-280.24247339997	-170.45822419915967	96	904.8468860983849
48	-162.8662027773188	-170.30328498646907	96	949.1760956048965
49	-55.009014052911624	-167.9973995677979	68	611.5575560927391
50	-435.9520774528685	-173.25141285966203	83	810.4343270659447
51	-181.31965553270322	-173.40657137260513	90	833.0764490365982
52	-198.14588974707402	-173.87335096457625	87	661.3712513446808
53	-231.51878435032094	-174.94085899023818	127	1179.6639326810837
54	-436.5883432388264	-179.69808597657618	102	985.0689607858658
55	-163.3396962253546	-179.40597187387579	104	971.2128340005875
56	-169.87501090141512	-179.23876203225365	98	1337.5002580881119
57	-191.82435496916546	-179.45575501392454	126	1421.9059970974922
58	-259.5963723222262	-180.81407056152287	77	718.3420343995094
59	-171.59189067537744	-180.66036756342046	73	856.1722113490105
60	-233.83843863974764	-181.53213922040945	99	1308.2051059007645
61	-139.6984372353261	-180.85740209161776	97	1016.545387327671
62	-162.51267895569435	-180.56621601009516	111	1276.8118738532066
63	-162.6510039088862	-180.28629082101378	81	774.9473258256912
64	-126.94418278626343	-179.46564300509453	89	795.8443252444267
65	-157.4523816626942	-179.13210874233087	144	1181.5533376336098
66	-155.30648387810197	-178.7765024010737	100	921.7472241520882
67	-132.7907461044157	-178.10024127906405	66	644.5417819619179
68	-265.69377757951605	-179.36971281965032	134	1188.9641987085342
69	-432.58568986617877	-182.987083920315	100	634.2339578270912
70	-241.2571214476821	-183.8077886742216	116	892.4278722405434
71	-134.60391932264275	-183.1244015998941	73	454.32274663448334
72	-129.85904559657655	-182.39473918888976	119	933.4800471663475
73	-164.48091402325426	-182.15266047043522	133	1001.4040047824383
74	-164.06700529787895	-181.9115184014678	91	725.0261014699936
75	-187.13539215604203	-181.98025358244902	94	605.6556953787804
76	-139.51721162439455	-181.4287855050717	63	454.3346201181412
77	-141.71208400431703	-180.91959702429278	86	577.5872778892517
78	-412.57910840292607	-183.85199590250335	125	830.6421096324921
79	-205.51202519899755	-184.12274626870953	115	681.7519389986992
80	-168.99505364353104	-183.93598463136166	107	698.0737709999084
81	-229.82041709919298	-184.49555088096935	110	725.5793672800064
82	-176.1892237541968	-184.3954746505263	84	548.8538427948952
83	-201.1975609532057	-184.59549948746294	146	1099.3307518959045
84	-148.36347530041866	-184.16924037938008	85	596.4868605732918
85	-107.1651248498851	-183.27384368717665	66	377.25273394584656
86	-134.38810163699287	-182.71193860614005	94	523.4828601777554
87	-302.3721937545959	-184.07171423282705	163	904.1386213302612
88	-206.75076313193426	-184.32653500697432	72	449.8824879825115
89	-135.85516941157198	-183.78796427813649	64	354.90708565711975
90	-187.5577318967399	-183.82939029592336	76	460.3966894745827
91	-194.35111448134842	-183.94375686315624	134	934.9912882447243
92	-223.60467025691185	-184.3702182974977	61	403.11568796634674
93	-138.64180004026667	-183.8837457628463	88	549.9209390282631
94	-125.22452038901632	-183.26628023259545	82	469.9704994857311
95	-206.1053719955362	-183.50418743845944	110	607.9057042300701
96	-480.88425761493977	-186.5699613578046	101	499.133312523365
97	-119.99885328156581	-185.8906643366185	143	670.8047241866589
98	-150.39888241948728	-185.53216148897067	93	612.2082421779633
99	-246.48385911349908	-186.14167846521596	67	375.4285788536072
100	-169.37256772819842	-185.97564766583955	110	459.4300138950348
101	-257.4390816714582	-186.53189196346366	123	761.0739744901657
102	-68.85037809380293	-185.81976551565634	79	343.97626906633377
103	-184.57619041386585	-186.0155375080222	120	826.7149570584297
104	-133.76347714637595	-185.8922623438746	74	353.0725591182709
105	-163.6377870166845	-185.70877002412058	86	410.1428937613964
106	-151.40146144742567	-183.7468474339395	108	510.48227950930595
107	-165.47855832255598	-183.65933558296143	67	320.7410069704056
108	-176.05567439334214	-183.69547428302715	71	338.1544038057327
109	-254.66823040255878	-184.00028234581984	103	448.7791023850441
110	-124.74266772626653	-183.59053794916477	62	336.6367499232292
111	-173.95585681111976	-184.34481624527024	74	390.89687645435333
112	-215.2433790722959	-185.83604849880797	110	581.7898562848568
113	-179.3306857619694	-186.14102641915463	102	635.6294756531715
114	-108.77185033014375	-185.65500379886723	115	470.2033816874027
115	-161.38571865116413	-185.61757683897847	99	409.6046653687954
116	-169.51214037921022	-185.87381600476428	129	697.4145655930042
117	-152.2114434692116	-186.12241278932606	120	494.5834041237831
118	-131.0879894887306	-185.5185993761025	85	363.2773100435734
119	-34.14576267492937	-184.78404250921594	147	723.8172525465488
120	-19.47910714634243	-183.1968782920784	112	498.95711919665337
121	-148.49932016708397	-182.48326964167438	110	594.5706006288528
122	-142.1253548206302	-182.49272199507837	116	549.9825346469879
123	-149.35001020293356	-182.64968907564415	83	352.26027405261993
124	-90.15320090112823	-182.06053525670322	95	585.7606292665005
125	-112.5575144373901	-181.63208703449573	72	280.2609887421131
126	-168.71165362012653	-181.34981527287272	103	506.6443540751934
127	-188.5403470277618	-181.59485075238183	140	661.5306442677975
128	-118.0050863943872	-181.52030550302138	58	214.9709613919258
129	-180.102607516454	-181.80324712859053	86	395.49820551276207
130	-321.8641747773546	-183.30148629818078	97	444.5991140305996
131	-126.87254423725739	-183.10648652417422	78	330.7103494107723
132	-137.12048654694024	-182.44846034271518	149	668.4991985857487
133	-138.40142021953733	-181.3749242751285	91	443.8550001680851
134	-110.5988647188365	-180.76646671829496	92	368.0089722275734
135	-106.88839221977693	-180.16629666078117	105	520.8737309575081
136	-107.87038777690921	-180.00330478740898	80	340.2300566136837
137	-143.97568894128943	-179.03520027337046	103	393.94531190395355
138	-165.8747532048892	-179.0734379676344	62	286.68197202682495
139	-125.74420101892508	-179.02097558303296	165	775.945504873991
140	-71.99407017255835	-179.14738682553565	74	271.17466232180595
141	-136.57748401985148	-178.81444602576883	85	419.0889547467232
142	-163.8593627287401	-178.463424174328	75	427.9009145796299
143	-136.52046251056066	-177.22380100175585	75	276.78748190402985
144	-104.61676702293875	-177.14626388377408	80	290.74331045150757
145	-167.5063745574983	-175.70037846153141	121	574.4630418717861
146	-186.87806853674516	-176.27806166606808	91	349.84757366776466
147	-129.92096834913136	-176.12529834809104	147	654.8245795071125
148	-109.14526614355064	-174.43126659307694	134	693.1068165898323
149	-176.6087492330003	-174.5673314094699	151	623.0435339212418
150	-153.47684701877108	-175.54226044873576	101	661.3091224133968
151	-89.13901783383854	-172.10846777924044	71	320.2802965939045
152	-359.48704245885665	-173.87250131316273	118	509.19480860233307
153	-109.64867380875701	-172.9962912543675	59	242.15156957507133
154	-123.01829837154419	-171.9220290169539	146	544.6348932385445
155	-124.29352021207802	-168.83000106619406	90	388.5588809847832
156	-220.83469316221735	-169.39925846160853	99	434.92260617017746
157	-134.0003917148626	-169.04406421223675	108	506.05097410082817
158	-130.58136454567233	-168.43769797041998	72	385.32330322265625
159	-113.27443935523631	-166.98896596084577	76	339.4645007252693
160	-176.99041548400766	-167.0424167015253	65	384.1702606678009
161	-133.41441628992376	-166.04811945053694	111	610.733045309782
162	-143.89585630540557	-166.08967805519114	112	503.5716940164566
163	-137.0853878778736	-165.83792269798496	106	388.0003904700279
164	-135.61545004735262	-165.57024394688074	119	499.79207196831703
165	-28.476266974147748	-164.5953140873548	97	533.237986266613
166	-100.22966629515864	-164.02875254906243	78	403.71312737464905
167	-187.72099513489457	-164.3496883040802	90	406.22825130820274
168	-71.23490384359796	-163.74022451931958	85	456.3364763855934
169	-164.48292506689506	-162.7381368706798	135	557.9656627178192
170	-114.1574948876875	-159.58538246495215	145	928.4091021865606
171	-158.0607127389509	-158.7616556460538	88	456.47083708643913
172	-137.84317214167285	-158.79372745614324	82	423.86636859178543
173	-140.29146222399527	-158.89701870988003	121	677.5386718809605
174	-121.78055730725647	-158.47424290081074	102	600.8840500414371
175	-135.64019266696	-158.1927893104056	94	537.6942395865917
176	-143.3129330537935	-157.75890357671997	122	502.0467117726803
177	-133.410378659038	-157.6984398839937	71	277.12090745568275
178	-175.62708684691597	-158.03423199134616	61	212.07187619805336
179	-150.87328051839984	-155.44308518060828	109	587.8390184044838
180	-156.9201780770125	-154.9619777833609	77	358.793205678463
181	-239.4557473349938	-155.65960841396944	100	585.0746491253376
182	-142.66395909255218	-154.79667318618093	98	629.7893027663231
183	-107.49974500005968	-154.11657933713002	119	569.7778633236885
184	-158.15309630771839	-153.69039651885788	152	649.8884893655777
185	-121.9089758133178	-153.42847078136182	94	472.0837635099888
186	-198.3795978926323	-154.33158437584444	117	593.3664167523384
187	-176.0100065755114	-154.74368244454266	162	701.2232804298401
188	-134.81690737415298	-153.08471921305315	129	781.0829945504665
189	-166.11903574937656	-152.68242488253279	129	744.7261362671852
190	-105.87268300981242	-152.38556858152523	81	399.3550202846527
191	-156.1056341684805	-152.07416167332468	82	401.49389362335205
192	-137.45746165915085	-151.51085818003557	112	706.9975996911526
193	-118.21248665588242	-150.46737121368875	62	315.4594244658947
194	-170.06255991193558	-150.77846784608153	122	705.1463938951492
195	-256.5546412242819	-152.07876607217324	103	434.63423988223076
196	-128.78859165520078	-151.3132533955363	82	322.16109469532967
197	-173.04745948867122	-148.26536430517717	91	496.3977828323841
198	-162.12852525447914	-148.68248977025553	124	683.9014320671558
199	-173.27806054672527	-148.9090162863668	89	452.8992965221405
200	-153.11455618712176	-147.9845677425413	110	460.0794706046581
201	-100.72700710198342	-147.30490872644015	61	241.51156318187714
202	-126.47662377423056	-146.00825072745766	67	357.3682700097561
203	-151.89261465948778	-146.83045108949418	78	583.0821608901024
204	-67.4702969180829	-145.67098679745672	83	492.1956018656492
205	-115.76284771498939	-145.49276274368063	97	401.8148187994957
206	-69.04490086205841	-144.55619951442688	83	393.5503974556923
207	-182.69894259878976	-144.86607556543052	94	321.92409682273865
208	-139.6653776276468	-144.61049951894626	84	301.44134441018105
209	-177.13380449323506	-144.62117407439075	158	615.5458586812019
210	-143.66383053927123	-143.5221206103978	81	237.5954865515232
211	-94.59860066783727	-143.22366450090843	144	516.7600389122963
212	-189.06690057873413	-143.37327879563725	79	433.5409575998783
213	-141.25261573298442	-142.64069698039657	136	672.6213093996048
214	-95.91715716305022	-141.8148204596152	77	400.23606926202774
215	-191.91948106840192	-142.63806432831083	127	510.87487640976906
216	-108.11224707044836	-142.11060421365028	80	240.0588712990284
217	-105.88608801771225	-141.48064329917997	116	427.42385789752007
218	-135.94435884587097	-141.31958305538453	71	288.59574592113495
219	-107.29589001775378	-141.08401771408774	115	363.59128841757774
220	-124.11541324292978	-141.97480633357287	93	387.2041738629341
221	-98.20648730324022	-142.75428534502728	58	293.48147866129875
222	-144.79494753922086	-142.71760838831577	79	303.69716611504555
223	-131.86456240193237	-142.61601638417025	91	428.9324206709862
224	-135.48645986558105	-142.47875350954297	82	313.5302475094795
225	-167.64031516488046	-143.24595266066925	99	449.39344215393066
226	-182.81033739565837	-143.94152516520657	132	571.5515525043011
227	-126.04380496818003	-143.5190712181576	87	310.5880818068981
228	-137.5738106162214	-143.01445204576606	111	361.55168280005455
229	-72.41133200640519	-142.563028734994	177	686.3713100850582
230	-84.97687234752384	-141.6211897729254	92	307.1968758702278
231	-180.9495769415807	-140.22599573494742	133	618.456440538168
232	-142.49323374736974	-140.38065602712672	127	655.9154276549816
233	-109.32586426175163	-140.10546174707537	75	263.30788895487785
234	-147.3418533839786	-140.19398088731737	93	370.79793551564217
235	-197.74577715169363	-141.05682160447435	159	637.2650525867939
236	-169.03924827504687	-141.67217661492256	97	459.9240896999836
237	-154.2410168231237	-142.13129175399402	137	548.3013192415237
238	-106.54829541164601	-141.76072350122527	137	513.3409413397312
239	-105.06962268904918	-141.15869250601892	116	502.75145280361176
240	-89.36441497623979	-140.7984966046062	129	618.4708616435528
241	-127.80623265797757	-141.3510922727787	174	859.9682218134403
242	-126.25580773544779	-141.24889745808161	94	348.9557385146618
243	-150.74020677355534	-141.11900482486197	76	264.23338124156
244	-181.00132451446643	-141.55940939915806	114	356.3113158047199
245	-107.99196925667903	-141.59282724305643	106	477.08589662611485
246	-75.71423702130403	-140.68399419814367	140	740.7635971903801
247	-139.98107610061885	-140.21966754036023	81	285.4857279062271
248	-135.8181479627856	-140.2780554573271	93	293.2850328683853
249	-84.84440775408835	-140.0374528990156	84	447.0490107536316
250	-104.94465855008902	-139.32790744670956	151	598.7420805990696
251	-206.45220888284348	-139.85241598001718	145	497.5068159401417
252	-84.26316992541751	-139.80414025815162	152	502.38249307870865
253	-161.04733673292503	-137.83939069650876	126	415.95410242676735
254	-73.90802134768333	-137.4855228503595	81	315.00226867198944
255	-142.78886028441906	-137.68127098811075	95	480.6169533133507
256	-65.97711403920268	-137.10388082798326	143	556.2251015305519
257	-116.51218898547722	-136.07098474702542	115	428.0679035484791
258	-83.59989618301917	-135.57196993977948	93	283.79771307110786
259	-285.92560923689683	-137.11003176840543	104	480.9911338686943
260	-101.15225821332446	-136.99001017294097	109	411.09166434407234
261	-66.61076123423948	-135.8971423090819	123	575.0048187673092
262	-128.58152839628565	-135.84929193389735	83	261.31571051478386
263	-243.5869517279762	-136.8363324826357	100	644.3182641863823
264	-98.9224328890298	-136.4584814431422	161	607.8096752762794
265	-153.14227419503942	-136.63201435549553	136	721.9821056723595
266	-101.8603095051211	-137.35858903402	112	397.27380043268204
267	-141.57616863538613	-137.76796034431928	121	568.2285932302475
268	-123.6627944428299	-137.13372073350675	74	439.70669120550156
269	-111.76617755425744	-137.53502047321624	67	215.74932995438576
270	-90.36289596802592	-136.80115879897002	98	495.39119985699654
271	-147.7650967239608	-137.13390733200245	114	544.4725275635719
272	-102.30145377100973	-136.58183546103274	181	755.9495410323143
273	-146.77535293893246	-136.67027289466898	84	403.5540786087513
274	-134.33748027452495	-136.6113225783376	108	509.54359167814255
275	-109.54643107263264	-136.49019261561853	161	608.0403437018394
276	-152.2118223205336	-136.65426815674303	74	526.5632243156433
277	-86.08486310962343	-136.08765360284036	103	646.440667361021
278	-96.60521785290005	-135.72324607010634	159	544.8027221262455
279	-102.06199027840375	-134.99487877734876	120	404.90942403674126
280	-201.21557778627655	-135.49331736415942	111	385.7953041791916
281	-158.8948406150149	-135.51286847839708	115	489.1749873161316
282	-257.97786902848156	-135.69625582189698	168	635.9205393493176
283	-102.20919610627288	-135.295713614112	172	593.8605889379978
284	-131.9602926631329	-135.53789725434046	99	417.1532042324543
285	-73.53062446055536	-134.7000509984279	89	360.77671453356743
286	-278.3270225816515	-136.24874453078766	138	527.8858911395073
287	-122.03484229215093	-135.492855861476	141	678.9315806031227
288	-104.68350502165303	-134.7866528757942	124	457.38614758849144
289	-81.878524543357	-134.2625104715289	119	566.5066081285477
290	-119.01358446876688	-133.7961198647902	99	308.2862286567688
291	-128.33649808282007	-134.01853387541405	84	575.1197536289692
292	-85.52171946196133	-133.31968323475544	112	425.1226215958595
293	-74.31497268777142	-132.69451007662298	101	627.6933386325836
294	-139.5730540043675	-132.90600084244954	79	366.64326633512974
295	-127.71883104934105	-132.48675600222583	152	426.9704109430313
296	-285.650193692934	-132.7748307791432	127	331.81130319833755
297	-116.92538573828283	-132.65737329481726	79	414.78206807374954
298	-116.10623739074654	-132.09359881860019	133	392.41242772340775
299	-129.02417617166674	-131.76583298609708	120	468.86048316955566
300	-71.35416222310062	-130.7566854779424	133	550.2265832126141
301	-72.37873591372642	-129.95732092078006	106	316.51235526800156
302	-75.91332252249758	-129.7116408754386	182	677.7604561150074
303	-37.05356542996296	-128.82626406014884	212	787.9970620274544
304	-40.281501907406806	-127.72120353785101	125	498.76487535238266
305	-120.59208423408032	-128.2471618281084	132	667.153045386076
306	-117.6252431805288	-128.26560138717318	123	514.4137691259384
307	-198.5143298663373	-129.547476921869	92	280.9059878587723
308	-74.34013010329116	-128.4746173922106	160	654.8171426951885
309	-111.3723896725706	-128.19448879859598	156	532.7633883655071
310	-99.43045126144413	-127.42514866758816	85	224.54257142543793
311	-139.93896714084036	-127.38826883196013	163	460.95072016119957
312	-114.82743316651954	-127.58855430224413	149	404.91311582922935
313	-159.94084891963678	-127.30017755314414	131	404.9158767461777
314	-48.026654503068826	-126.37714823403606	169	461.611552298069
315	-138.69410981136468	-126.80068241867282	124	488.3002921640873
316	-102.33722420167815	-125.91372938038843	156	585.642718732357
317	-151.02841333062162	-126.33864191761785	163	551.952787309885
318	-130.53712278801447	-126.58271156880896	119	341.5327657163143
319	-105.50289337179902	-126.28131092055082	79	193.4900524020195
320	-48.65377690111752	-125.700695939198	138	644.9843642115593
321	-126.81286130214586	-125.7274033457249	83	391.10870492458344
322	-141.94794180747866	-126.16048705368766	114	367.31054279208183
323	-116.32835134933605	-125.87863956665907	93	374.0915947854519
324	-83.07377523270371	-125.39556246597364	108	393.82309877872467
325	-133.29331241221496	-125.37384813475221	82	327.5928277671337
326	-214.53375563277032	-125.8381396245333	222	1400.4454064369202
327	-163.7447779852685	-125.64937170957893	141	704.4839680790901
328	-62.9732273375947	-125.02491054491968	130	461.99484899640083
329	-93.83143497014993	-124.59181771674076	160	525.2148526906967
330	-250.9490027947693	-126.35951742751664	130	654.4375705718994
331	-52.20128321450079	-126.03500664402135	108	548.5620728731155
332	-96.42046123928407	-125.19808470637487	104	408.6778753697872
333	-126.84824730347103	-125.04318385049467	192	783.1095244586468
334	-132.09681527846905	-125.26863881105623	156	463.7120144665241
335	-138.5672207874078	-125.18176126059517	170	632.4143552482128
336	-95.56579291518996	-124.17007824835255	135	514.8831722736359
337	-119.71039723048813	-123.68167378256484	160	672.8445760011673
338	-104.11093475109354	-123.1853363363071	114	500.57607901096344
339	-126.07897251545795	-123.37870937693891	163	555.9020473361015
340	-128.2555024423594	-123.60827254281327	162	538.1905643641949
341	-97.44964402548561	-123.68832431557807	131	515.7056576609612
342	-100.42288027306148	-123.41720201473733	136	419.2832736670971
343	-51.86711871420347	-122.68068034125966	140	587.2172331213951
344	-31.34112393761987	-121.4985112042702	117	592.1174859702587
345	-31.373686182385583	-120.01704943860602	189	666.9470570981503
346	78.89016712614784	-118.16673125659783	1000	4653.270131677389
347	-128.7028498331847	-118.69137098740853	85	522.1875786185265
348	-144.79482430488963	-118.73903186071814	115	610.2820689976215
349	-116.47103242978582	-118.54747626138152	108	536.4136598110199
350	-77.54851754246182	-118.47523972463274	93	491.459404617548
351	-73.2753443747452	-118.16168215854026	161	673.0335817337036
352	-103.24535693026377	-117.1398321392078	73	488.52515429258347
353	-144.30222521612208	-117.73427823119495	66	361.77955079078674
354	-97.00327071993664	-117.1001785677	182	921.0804499387741
355	-130.31682136178375	-117.65868153813666	91	426.2881116271019
356	-92.13084549654981	-117.15711703528646	158	841.8743047118187
357	-147.36921968494647	-117.96297946742253	126	668.4694410264492
358	-150.98647086971891	-118.30430899102886	108	449.7153360247612
359	-40.84222757601859	-117.8809657374942	154	676.8232628703117
360	-159.75859779770528	-116.6317874064131	103	548.9527156949043
361	-118.91256900019641	-116.80763206766925	132	576.5919372439384
362	-37.78939750269092	-116.52227203072323	145	717.8202572464943
363	-147.1707497748557	-116.70632372754076	88	329.69345849752426
364	-89.72832226291412	-115.18297096055997	121	797.3324529528618
365	-83.96197152150707	-115.03484758068348	85	414.1239052414894
366	-77.66222885530397	-114.28752039910196	138	956.1697683930397
367	-151.08014130790787	-114.77484546645628	72	323.5876805782318
368	-146.33327076984483	-114.82194548758952	89	430.05420672893524
369	-164.0238294917122	-115.2215596959943	114	430.52309143543243
370	-41.401186659288875	-114.5248766178263	137	564.9421434998512
371	-139.7949411593769	-115.01430280783967	125	697.2365294992924
372	-59.73338388968865	-114.14270169066864	176	1044.4824543595314
373	-74.45419969745365	-113.86698630380174	115	638.5418111085892
374	-126.84992711246024	-113.6697048599753	119	591.5518849492073
375	-88.94451038590684	-113.22026951454345	83	460.31656980514526
376	-118.93432153524776	-113.31321892506438	162	706.740378767252
377	-57.694484209875775	-112.37740369624598	155	747.9745771884918
378	-156.74546988476555	-113.07701366431671	135	772.6362822651863
379	-79.41587162379243	-112.90682211749387	262	1042.8910118937492
380	-94.81999457548527	-112.8351191897422	104	464.4987010359764
381	-102.64758582099633	-111.85919847721468	101	638.7087889909744
382	-76.1441610027135	-111.03988481768694	189	748.7650507092476
383	-80.05523286917034	-109.27827455868388	85	392.88569325208664
384	-87.48142933749894	-109.1324550857257	66	263.8988792896271
385	-99.4362216400126	-108.8104345805463	71	324.4639595746994
386	-140.00786452871154	-109.46862507627063	131	978.5298948287964
387	-113.93478306780209	-107.8409791404899	73	336.74721521139145
388	-120.39393511587414	-107.82473253478419	153	654.2895784974098
389	-109.08208554196915	-107.86828283696558	114	640.7940967082977
390	-75.71336291396715	-107.80724163271418	105	624.5627820491791
391	-166.88757887312426	-108.28124157731176	134	706.3342950344086
392	-121.10218340498855	-108.2096146993134	137	859.3431298136711
393	-89.62658545973247	-108.25025693691514	120	664.763712823391
394	-122.7358486057195	-108.72967154996412	83	361.82048523426056
395	-102.17009662088739	-108.3593452392366	115	540.0379294157028
396	-61.06728866386864	-107.6994289779943	99	585.1845347285271
397	-101.20251748360347	-105.87321436206035	67	303.8540249466896
398	-140.9149257454953	-106.11073456015157	75	443.3848600387573
399	-32.414416096080146	-105.28210266614498	120	957.34232878685
400	-129.10561914997265	-105.2829090322668	123	582.4646023511887
401	-149.89580824431482	-106.06054909188276	197	977.8241908550262
402	-92.1661603444852	-106.25646418525662	137	618.1548280119896
403	-107.79705996077541	-106.57214475395241	165	846.2373157739639
404	-89.83429996966089	-107.09472628404845	211	1016.623325586319
405	-36.27218436223673	-107.05503007072994	120	650.4031065106392
406	-44.99386360437606	-106.30653283677248	134	602.8994275331497
407	-157.58646991898775	-106.70218854705423	147	858.1880783438683
408	-71.6223731246746	-105.44583253971103	129	806.707645714283
409	-87.6846731654175	-105.57795672844496	185	1149.179346203804
410	-167.68909148203144	-106.13554783546931	172	916.2345608472824
411	-113.75282533335732	-106.27735351934965	156	792.0691567063332
412	-114.9202800751651	-106.02964374642214	115	620.1754343509674
413	-96.42173314570654	-105.84740909275072	89	605.9973356127739
414	-53.83590709914567	-104.79686511433005	137	698.4791022539139
415	-240.98567817857943	-106.70735049725592	207	1249.733291387558
416	-125.47731023774601	-106.57649109553691	169	1002.3475631475449
417	-45.54180298610713	-106.01416019241246	171	1048.3331794142723
418	-87.68654527459984	-105.38701298393701	166	976.5343428254128
419	-97.4754012998636	-105.0596692068266	121	620.069534778595
420	-65.1430247826036	-104.66006654752762	79	448.618403673172
421	-314.00691119038913	-107.28732530286695	584	2980.6944637298584
422	-134.08812590961395	-107.35935762571314	128	918.3785197734833
423	-47.009890899302476	-106.419376923652	117	855.0200176239014
424	-42.094398240075975	-105.68438728890685	131	1317.1441385746002
425	-124.78374633702654	-106.09735729984075	150	1220.611549437046
426	-78.51777738157602	-105.55502526983443	139	934.8074635267258
427	-340.09731994595006	-106.79822887689562	338	2974.2416927814484
428	-161.30663649421524	-106.77408886213271	100	915.0736012458801
429	-86.53336991975054	-107.00735760056989	91	851.0805976986885
430	-174.37677298467554	-107.80483619477313	151	1387.1567715406418
431	-124.59764966885477	-106.55383269847692	160	1385.7419098615646
432	-188.86381714558843	-107.90692709383424	218	2026.428296804428
433	-201.33798537363816	-108.9457144615011	160	1659.2655588388443
434	-358.80453450929735	-111.2423113645291	135	1291.1474545001984
435	-138.5687517521951	-111.30638994347687	125	1255.8834456205368
436	-95.88510881249901	-110.88379477540846	161	1688.7864192724228
437	-62.021162013157124	-110.55166971697253	100	894.6479929685593
438	-96.17007884735173	-110.31859725773354	81	791.3942248821259
439	-74.5071500817341	-110.025490478829	91	1291.0382912158966
440	-122.67417233221047	-109.99177958592556	147	1518.4639221429825
441	-89.35988958000375	-109.60667450808043	125	1203.5465644598007
442	-101.20740325863937	-109.64388004504234	166	1808.8444381952286
443	-77.40769792681095	-109.41600695250523	174	1802.252834200859
444	-162.20549948687244	-110.50846616807618	204	2530.3374690413475
445	-93.76123263287755	-111.12648704624706	118	1437.1912447214127
446	-42.776381568908704	-111.23938502037105	111	911.3982628583908
447	-75.2117349036242	-112.76514642660642	143	1342.0717616081238
448	-93.07930751133188	-112.41243808678611	153	1375.769698858261
449	-110.0826632315081	-112.06875332368331	189	1676.4613291025162
450	-105.92078406593714	-111.96429541909075	390	4563.843998551369
451	-81.30082712944471	-112.00144699915985	243	3407.2077786922455
452	-71.09465276127446	-111.9798559930859	114	1723.3799477815628
453	-126.54902108975446	-112.21058534119967	416	4923.174299240112
454	-82.74140661787655	-111.60107228577152	142	1880.3374960422516
455	-88.50288888765118	-111.51691008941225	139	1993.0284861326218
456	-532.0647576246035	-115.49461242864811	302	4276.585061907768
457	-281.2922500280871	-117.36749762202967	627	9648.250724196434
458	-44.57850591599349	-116.3497677827331	172	2709.5983695983887
459	-324.8623126801516	-118.0713107709552	569	10082.934452533722
460	-117.23704462024983	-118.8276950981258	123	1901.439357995987
461	-73.56208598876286	-117.97426428813627	74	1027.6109442710876
462	-57.618208992048295	-117.36738943657043	180	3247.8944236040115
463	-115.37794767380797	-118.1355929036112	123	2097.8886266946793
464	-241.03948839263	-119.0649863552723	171	3381.582092165947
465	-108.62146076420808	-119.25204713251284	195	4376.598663330078
466	-44.30317463573856	-118.85938577720822	94	1503.0713024139404
467	-82.32967357758722	-118.90559810119125	66	1191.8683426380157
468	-78.33170275691423	-118.18531653137943	97	2079.6077563762665
469	-30.15326409170939	-117.03501943555631	196	4955.807734131813
470	-67.5867498132462	-116.08019686448237	178	5160.324818372726
471	-322.8842413656066	-118.86715780216869	208	5801.492834329605
472	-169.96656906167664	-119.16588679130037	178	5700.877797842026
473	-206.65156924678968	-120.62052228988553	192	6194.905812859535
474	-120.33250890564139	-121.07476297511509	105	3095.368694782257
475	-66.69594999769517	-120.47917904328574	111	3117.16462290287
476	-152.19629921636403	-121.10543437824076	130	2533.3301293849945
477	-84.07211193508803	-120.76026398615997	116	3217.6410615444183
478	-95.27000517725108	-121.13229884722313	72	2296.7116215229034
479	-105.19506297830833	-120.62189877884232	143	4073.1445326805115
480	-232.30778482013935	-122.13568009761805	101	2070.8463755846024
481	-212.3862145336534	-123.29970207740189	181	4399.023806095123
482	-266.1982624752601	-124.91901570764215	195	5177.034614086151
483	-143.19656749106449	-125.58290092039809	115	2548.882084608078
484	-310.82723071191265	-127.86777218616783	509	12791.320866823196
485	-182.08643994874745	-128.80445545954652	216	7298.962104558945
486	-86.73220960581855	-128.67867316217826	119	5287.7090084552765
487	-153.01430405581334	-128.80744979115946	85	3361.8751771450043
488	-66.71775114475605	-128.33995442558475	140	5795.04052066803
489	-88.09231189071075	-128.02013637385045	183	4897.363432407379
490	-35.278264652762275	-127.28940547395732	136	4334.245972394943
491	-179.14819828336744	-128.31351275484246	128	4186.679025650024
492	-35.74359490731405	-127.01505746805225	115	2274.7044942379
493	-268.0862940780613	-128.4703456925381	124	3384.0062713623047
494	-47.96369362565905	-128.05784181299285	152	3502.670958995819
495	-44.30154339997273	-127.28126453372802	128	2719.9631160497665
496	-186.1576091280083	-128.1128240635015	108	2630.694194316864
497	-236.13192947212104	-129.84613733883074	232	6101.90440928936
498	-376.60482949969196	-132.57289290334649	120	2676.6686732769012
499	-163.11208909045314	-132.792666797851	128	2039.6349581480026
500	9.209663202225371	-132.38054720083807	118	2794.6028764247894
501	-34.67861312151426	-131.44562634907115	123	2753.7738602161407
502	-50.85080337157294	-130.46498273646975	188	4874.140798568726
503	-55.6182996374934	-130.10312272946985	171	4974.844192266464
504	-139.18920126952315	-130.41393600975448	117	3181.155432701111
505	-99.85357630654855	-130.51313676556524	107	2158.522885799408
506	-139.00373954237648	-131.5302808762597	97	1767.6031584739685
507	-189.62447252700684	-132.96226710321642	160	3357.7093460559845
508	-37.43847394839675	-131.77268298469573	132	3518.333723783493
509	-38.961560594183965	-131.44930860320574	154	3250.0776895284653
510	-17.78533270813115	-130.75723592541084	140	3692.3671050071716
511	-270.9369324938269	-131.77949177701277	343	12156.216484546661
512	-131.08839017713353	-131.95113103289174	118	3263.932312965393
513	-65.24981024193647	-131.45934420285977	88	2698.2649459838867
514	-331.58849528731264	-133.78772798644002	153	3691.7334475517273
515	-40.13034449047095	-133.65202934675017	136	3172.8318209648132
516	-74.70300906525038	-132.00566628622215	115	3011.300192832947
517	-150.78263399228916	-132.2562140461681	151	3775.401473045349
518	-109.03033936880041	-132.8848134162938	141	3347.2017912864685
519	-52.0166105449441	-132.53164574570314	176	3655.5335969924927
520	-79.31634464505059	-132.35185310555647	151	4015.2952103614807
521	-90.45098803202595	-132.60242699911512	130	3159.3158679008484
522	-134.15861828988426	-130.82175083178342	140	4171.154283761978
523	-46.20723975522341	-129.95164304807656	129	3617.5464413166046
524	-185.90333926838184	-131.32682570519617	243	6147.742318868637
525	-141.5000725161282	-132.31104030198875	126	3442.8675298690796
526	-65.94487932675699	-131.72847726228312	160	3364.7203946113586
527	-284.39303630789084	-133.76684616254363	165	3897.9148366451263
528	-93.02384030150219	-131.32057408685606	117	3289.5646612644196
529	-27.835415831547834	-129.99907685257222	194	4699.881639003754
530	-261.4441799807652	-131.7308670511961	1000	30323.996269226074
531	-65.07926824074248	-130.64871353887997	140	3719.9316823482513
532	-87.42881315318927	-130.2807052565466	110	2988.5322291851044
533	-82.20171686062857	-129.22464485768563	209	6617.859611988068
534	-112.77809105378411	-128.34781422085538	193	6656.5922384262085
535	-47.787664266946834	-125.26843926796083	129	3230.937868118286
536	5.891638280859009	-123.83813837654446	1000	25036.047395944595
537	-352.220546568988	-126.37611300779685	631	15578.39452636242
538	-252.33127535054993	-128.26037155569182	416	11914.668261766434
539	-47.75347932288091	-127.7809992831723	131	3000.5930527448654
540	-22.448533464874956	-127.2655674354806	146	3188.9982216358185
541	-109.23695814824055	-127.13252571088684	70	2089.301285982132
542	-0.3513668548425244	-126.25125320865752	120	2665.589696288109
543	-33.39243211261871	-125.57981785077612	1000	31522.981674432755
544	-169.19219814665158	-126.48857527869532	210	5580.488557577133
545	-65.74647274003055	-125.53353540991472	149	4565.48354268074
546	-85.07175669195507	-125.44750099465807	164	3749.2155042886734
547	-71.77784614611285	-125.73464420829379	1000	26842.710867881775
548	-215.16748306403395	-127.12034468512951	150	4549.436199426651
549	-159.5437014841936	-127.77840799179152	223	6872.059108734131
550	-358.62481871321904	-130.23922141240251	715	23204.51776444912
551	-314.2471963802128	-132.3018591580884	297	9661.20821237564
552	-51.568525674268756	-132.00747993575993	109	4432.896450996399
553	-20.473697800460304	-131.5062823618905	1000	30869.248939871788
554	-57.47096201522568	-130.82234118293476	132	4842.959226846695
555	-91.08136164117572	-130.90491499504665	139	4067.113360643387
556	-242.08409620956388	-132.4255210081349	237	6280.432340145111
557	-149.91534734859425	-128.64186348064965	108	3232.249587535858
558	-110.67680329245538	-126.95260163178203	122	2662.1816985607147
559	31.991517973214975	-126.19448258337401	1000	24516.767124414444
560	-247.3515324295888	-125.42704911554668	180	4679.313608646393
561	-252.7401352796288	-126.76866387455043	412	13510.1502815485
562	-154.84653235836663	-127.57346037325938	113	3126.1462433338165
563	-363.802407234331	-130.60498708852947	217	5674.521008968353
564	-291.7824834274948	-132.35156665044715	113	3448.3595242500305
565	-25.00999371330024	-130.21266076253298	1000	27245.871317267418
566	-285.68844849335835	-131.96579925490082	310	8283.229834794998
567	-65.03005971491584	-132.17101593885306	159	3783.5449155569077
568	-95.68323639798221	-132.30322943212434	197	4632.043216466904
569	-21.479824447887182	-131.74033954787654	1000	26233.115029096603
570	-64.46652124616043	-132.08007476722753	144	3906.524285554886
571	-101.71029119638548	-132.41793161260517	1000	25044.684119582176
572	-22.033152476301257	-129.4392079602358	1000	25072.797276735306
573	-94.07745239373044	-128.68783056748384	139	3222.6105947494507
574	-50.68494708925679	-127.14360658572609	135	2918.9187223911285
575	-33.675783159063954	-126.28561920209661	99	2246.0568249225616
576	-29.11605203963296	-125.91354100449203	199	3920.337947010994
577	-81.85021756090188	-125.21704514651715	121	2692.7550053596497
578	-214.23777360699253	-126.50581407396176	144	2810.1185410022736
579	-160.1761707690796	-127.14844937685113	116	2716.9298169612885
580	-317.85745899598874	-129.25401765425391	830	18569.356256723404
581	-45.09557864412628	-127.4004314544914	1000	22916.26817536354
582	-53.444113689701865	-125.82674728771963	138	3108.225218653679
583	-75.8465282830492	-123.94207665215316	97	1822.9020354747772
584	-24.970686989939015	-122.77152337986479	1000	21545.894873142242
585	-95.4704485515321	-120.63927801194025	195	4279.970903515816
586	-111.04672715090759	-119.93591451889233	121	1720.9813349246979
587	-19.63047532246862	-119.27154091212647	1000	20053.26499605179
588	-312.09789498534667	-120.84662597083472	141	2539.2707175016403
589	-53.59765774867554	-120.71672405602207	157	2886.3729869127274
590	-99.04402233531515	-120.82515683270132	93	1916.9122569561005
591	-0.4690715255640121	-120.48051135619438	1000	18365.641437530518
592	-23.980683850213868	-118.94419933210376	1000	19071.08744096756
593	-140.49905170192713	-119.98138207264446	141	2419.9901390075684
594	-341.7631432064504	-120.71085582639088	915	15626.522196531296
595	5.039702573128694	-120.18606972541279	1000	15413.351413488388
596	-152.4055190221706	-121.25640611771179	258	4568.1227414608
597	-24.233326427998232	-119.6531953979097	1000	15277.599409461021
598	-28.61040711706245	-117.59852685974082	1000	14966.734014749527
599	-190.83892539055526	-115.75926048242265	184	2616.27474796772
600	-195.74712229343893	-116.08237962304625	398	6633.444853782654
601	-54.444597577996646	-116.71261982879105	171	2747.9790692329407
602	-103.19644660480266	-117.39101421971468	1000	15160.518220543861
603	-113.48345108340268	-118.01113944458429	92	1492.2972507476807
604	12.679463552412903	-117.33492396745648	1000	15088.975991725922
605	-338.4236358382341	-119.30754213150315	232	3764.635610818863
606	-1.8133256401038147	-118.3368465803502	1000	15109.700470924377
607	-39.342105316242424	-117.3500977266261	106	1671.5896328687668
608	-96.93823290425722	-116.43241218580678	132	2084.489049553871
609	-33.033147172235175	-116.38879508901313	96	1487.1856142282486
610	-17.525454555640923	-116.1765564153642	1000	14375.735584020615
611	-187.50583580987302	-117.85695743617353	126	2072.6352949142456
612	-284.2350777570668	-117.98862224076005	186	2732.7889046669006
613	-33.90842205771783	-117.02644433858761	126	2043.5988374948502
614	64.57995033068049	-115.74100116460133	1000	13930.275883078575
615	-11.170267466423415	-112.5685434634044	1000	13296.481155753136
616	32.19308877134033	-111.85246986675277	1000	13668.87811255455
617	-399.3749945440543	-115.06704398040429	213	2567.3784168958664
618	-535.7276452980179	-118.8783807260056	519	7196.093605399132
619	-85.38739423336185	-118.64429216030818	1000	12595.648747563362
620	-78.89936547367087	-118.91045805069162	111	1907.0383989810944
621	97.58421336044796	-117.15896737736985	1000	12775.178962111473
622	42.50029048829707	-115.84261808508946	1000	13521.446526885033
623	38.698622140666345	-114.13116025904438	1000	11765.027745425701
624	-51.20055316798151	-114.18059900570533	133	1351.1662193536758
625	-275.856870238718	-115.07122802521363	734	8510.055333733559
626	-232.03754306956668	-115.9676386247526	748	8975.43755865097
627	85.9566252656704	-114.4636633317583	1000	11799.86901140213
628	4.847548595838248	-111.59989516439461	1000	12063.478675603867
629	-365.36099116263256	-114.29630259866323	898	11324.247173666954
630	-28.158017109514994	-114.29949667072232	1000	12320.312715530396
631	12.55424313679331	-111.58664099629107	1000	10840.755082726479
632	-26.25236082878763	-111.2022161704301	87	789.7742327451706
633	-293.38940983423913	-113.24142999895535	719	8466.144268393517
634	-114.57803548245451	-113.56198760907246	202	2516.1521859169006
635	-198.1318041486964	-114.4070738773389	294	3558.2282949090004
636	83.74172056063996	-113.10480274043212	1000	11166.034682154655
637	-44.535181787075715	-113.60407818664928	176	2112.437918663025
638	68.64347666196213	-109.43710765961016	1000	11947.512023329735
639	-209.50651097022316	-109.01310009148813	163	1618.6306525468826
640	-169.97601621939071	-110.22322421917634	126	1193.3597110509872
641	-248.22510874936472	-112.45863585565642	690	7348.697734296322
642	46.4014322153997	-110.91766169364018	1000	9774.87548983097
643	14.959810991444472	-110.76606587337993	1000	10661.285932958126
644	-46.67641968428097	-110.89759050280233	193	1658.8844261169434
645	-49.63492356825414	-109.71385511093702	1000	10776.367064535618
646	72.48653621784077	-108.34521145788878	1000	10374.776109933853
647	72.91394781001291	-106.7809965618297	1000	10414.70258808136
648	57.82833502549068	-105.49776704527916	1000	10379.51267182827
649	-268.8821455046353	-106.02959538627518	272	3073.5688539147377
650	-55.05931104222324	-104.99509647100817	142	1465.1890016198158
651	36.86502892085789	-101.07935540532421	1000	9861.249794781208
652	-23.89336952175423	-98.204565040389	1000	10109.648133933544
653	84.534420834843	-96.85701111455623	1000	11210.33440297842
654	47.14685273513525	-96.18750071321368	1000	10489.725082755089
655	68.61479816504628	-94.93912685004268	1000	9952.573552012444
656	-59.365766377461185	-94.62511105535245	1000	9079.18746125698
657	-17.615289590635	-92.40264762348187	154	1590.8030002117157
658	86.36829670686673	-90.06320560313074	1000	8802.294387996197
659	-93.74600725302014	-89.89557395917595	1000	11094.783101797104
660	-225.55207914362597	-92.44551056429319	155	1913.7936131358147
661	54.20506683082254	-89.45980166072478	1000	10188.133138418198
662	91.60392542663728	-86.05045452501915	1000	9216.249731957912
663	-74.76559087233416	-85.25757391624656	266	2164.332308411598
664	-128.78148250180183	-82.93063406740966	291	3243.6142225265503
665	-74.62086181792836	-80.7805190019684	152	1611.2887535095215
666	-225.86595212207567	-82.76919185750081	258	2634.269850730896
667	11.810768833556581	-79.82365505228385	1000	10123.55224019289
668	-205.2922336196986	-81.2123894473807	202	2135.3086827397346
669	152.30368845559195	-78.75707335972156	604	5538.813252687454
670	-190.97312662110602	-80.43522486638707	149	1073.3566343784332
671	49.17331144546274	-79.31007800805418	1000	10242.888747572899
672	-83.25618604693904	-79.12736409568342	133	1198.207267999649
673	-31.47283205412583	-79.22082626972129	1000	9000.776831567287
674	-46.074369811637624	-78.74554822435404	1000	8565.805383622646
675	51.1688626406453	-77.73709466267184	1000	8405.638799071312
676	-62.19252260081858	-78.01943861754071	207	1722.034778892994
677	-363.8785203661927	-81.3339185019621	882	8213.660590171814
678	-5.0068295046653635	-80.5730928776429	1000	8223.290968835354
679	-55.55726447837321	-79.0019987278546	153	1370.221741437912
680	71.18652058710843	-76.7112790114567	1000	8628.309581816196
681	107.78844739448047	-72.49696310660057	1000	8140.1524186730385
682	21.50195557086397	-71.83758157971947	134	1362.9199495315552
683	-265.3603770337222	-73.93576240490779	240	1832.1389046907425
684	8.740557806483931	-73.09826650303123	1000	8839.200726151466
685	66.69658850584435	-72.19066971594427	1000	9548.486887216568
686	34.54484795443076	-70.90338955251889	1000	8810.835425794125
687	38.082772969013725	-69.42685984836126	1000	9608.885334193707
688	-81.78860960608135	-70.04228692047623	98	904.5064649581909
689	-65.6143471412759	-67.60185575370325	1000	8490.102554142475
690	-50.4157248670336	-67.57035146774639	151	1514.3893095254898
691	42.83987447980385	-66.16556041017097	1000	9590.295669078827
692	-56.32372874942678	-66.71857681832802	135	881.9671736955643
693	-15.89584913259801	-66.63852894983678	1000	9044.752877771854
694	91.55518958627013	-64.34096220440907	1000	8574.993221223354
695	-232.797555156215	-63.262094995990914	273	2492.1153020858765
696	55.39591476869751	-62.76351863761894	1000	9880.410617947578
697	48.43179567337781	-60.77503037330659	1000	8939.688785016537
698	-43.905220086614094	-60.96980159764931	119	1204.836381494999
699	29.31864005295474	-60.39624667517389	1000	8671.746541559696
700	99.780032378946	-57.518831251713486	1000	9489.923774838448
701	-8.273102310738695	-55.662652836043186	1000	8000.445610880852
702	-205.85558064393427	-57.161771480260384	144	1149.102280139923
703	-45.83994501150211	-56.59388532587127	149	1362.5767971277237
704	76.6580564084196	-54.71129614278393	1000	8446.908687353134
705	-17.612325608558052	-55.01121484734799	1000	9853.40278071165
706	69.36840316241243	-50.97366990674753	1000	8861.460417032242
707	-244.0210547713079	-53.37176623477925	299	2232.9726813435555
708	-23.44945719041311	-53.214413283038375	1000	8824.113322496414
709	36.70329270341288	-51.89122986118026	1000	9621.663115799427
710	6.354493485732495	-51.50125322100235	1000	8613.556840538979
711	-102.26963233629414	-52.34030448615733	362	3655.7537599802017
712	-19.456639908113083	-50.67645106138743	1000	9260.535352230072
713	-256.6066899594693	-50.4029026673518	722	6194.461731731892
714	50.40052023864418	-49.568160664417526	1000	8845.824051558971
715	-258.86616257969115	-52.77059742590636	450	3570.0682837963104
716	85.03691123035992	-51.81805110217583	1000	9632.256647706032
717	-232.447040275395	-54.43825039966826	407	3963.4977583289146
718	84.54760183194341	-49.646937564262345	1000	9259.95237904787
719	-25.593260504385995	-44.5961020712561	1000	8749.234461307526
720	-3.1848649238543763	-43.7822156424491	1000	8749.212763905525
721	60.81262826020428	-42.39892857577706	1000	9491.860121667385
722	-183.48032423075028	-45.18174577965031	390	3508.3020744919777
723	-11.809424896418447	-45.719465733954415	1000	8237.476449072361
724	40.98973399921544	-45.69678145812719	1000	9380.94500374794
725	56.61633766728403	-44.629287489461205	1000	8341.242996811867
726	-33.93949782786301	-42.23406598044284	174	1615.4373486042023
727	108.88601816686527	-38.858585176121736	792	7612.051791250706
728	44.71115612436806	-39.266956157718774	1000	8957.513178050518
729	-313.4976315697856	-42.418888634606155	577	4656.779152691364
730	-328.03558435497416	-42.04933015136201	595	5453.0023337602615
731	3.5653318072085973	-41.735237587830085	1000	8703.142330527306
732	-39.15971939310312	-42.247257018819155	133	1166.1553492546082
733	158.06464432791915	-40.42233617568345	905	8505.336905300617
734	57.32701830931321	-36.94989629307402	1000	9251.369880497456
735	63.320364438623066	-35.18852599682573	1000	8059.277442991734
736	31.38738369279089	-32.916058790474366	1000	8175.91335016489
737	67.1586743465023	-33.08024736685197	1000	8815.37539511919
738	67.61578378572176	-31.969841767121306	1000	9205.525380790234
739	6.033002682803006	-32.58974745008328	1000	8760.30049932003
740	-108.97398608526339	-31.594375916568826	253	2268.885286152363
741	-15.444472022498578	-30.064360627490682	1000	8697.310428321362
742	66.69946987324747	-26.946295492613338	1000	9181.488864779472
743	33.55498806182416	-27.073488008985372	1000	8284.47831249237
744	65.69762338324557	-26.571133430848725	1000	8869.429778456688
745	6.608818957068495	-26.04355681063734	1000	8582.553650021553
746	52.080272318801455	-25.036475663240754	1000	8595.292616665363
747	-22.226246240888646	-25.97422598461431	1000	8340.350335478783
748	33.71743265759242	-26.362310293054115	1000	9273.561290323734
749	86.27908913397962	-26.080619658316607	1000	8718.10438734293
750	60.24993056069419	-22.821886231927206	1000	7264.022832989693
751	66.60394338394943	-21.61729955444034	1000	7742.966851353645
752	43.75953355633643	-21.549037132306893	1000	8032.290872395039
753	84.94716995618033	-20.471408028564962	1000	7882.271561682224
754	-132.34082285296995	-22.618687669038362	429	3442.756030857563
755	106.45277934151474	-22.031500276895994	1000	8585.567117929459
756	58.41026962917314	-22.13253521289474	1000	7864.331077575684
757	-0.8948801654059035	-21.553615547428848	1000	7994.8555391430855
758	93.21401114424752	-20.45629573817258	1000	7473.714863181114
759	37.21182033551446	-20.94299352402755	1000	7370.423390984535
760	74.66851946371912	-19.27552296247568	1000	8777.886357486248
761	-91.56870853582566	-17.948954936655873	238	1712.478452861309
762	64.73317357729104	-17.84471625599777	1000	7068.689205288887
763	138.6736709920607	-17.378679171191596	600	4445.669115066528
764	86.26964414302505	-15.784270903712796	1000	7259.452617824078
765	111.72856054768698	-13.402983348767359	1000	7770.1439666152
766	86.90978422763926	-11.80367002158352	1000	8255.721897125244
767	45.17404600104283	-9.120105683730861	1000	7230.505381166935
768	-26.576802758746716	-9.500180649991288	1000	7552.430293500423
769	56.150522870650775	-6.911638506522482	1000	7510.2936953902245
770	34.26011989580603	-8.080386710084719	1000	7296.908226847649
771	49.424423051487516	-5.700212950950131	1000	7205.053112566471
772	97.35018841933616	-5.223214169030593	1000	7046.4851059913635
773	-7.562344986086333	-4.473770198131061	1000	7511.322608113289
774	35.94797074714762	-3.806237497128355	1000	7370.029710054398
775	-92.51619664724757	-4.266057564807661	1000	7671.278254508972
776	16.52430986480083	-4.609072938825922	1000	6840.443885028362
777	-105.33346226948842	-5.036210955347406	140	902.2738077640533
778	20.185598321252492	-1.233595918838049	1000	7090.04348731041
779	50.87256636979602	-0.6803345735463534	1000	6787.532800257206
780	95.19495491074818	0.8122616580291079	1000	7737.684455394745
781	-35.45062059558287	-0.2435516210074406	1000	6928.246201276779
782	59.591598840708215	-0.720748141341819	1000	7403.459470510483
783	-175.6321819422461	-2.6725712850359793	1000	6744.52852332592
784	88.92243115709128	0.8351792911106887	1000	6597.476891636848
785	89.30455824439281	1.6328426617830532	1000	6821.082294404507
786	65.18269168264555	1.6178535843256396	1000	6465.6762145757675
787	15.535667507929313	1.4296438769345363	1000	6695.487629652023
788	72.39380655432699	1.7693570807495194	1000	6749.268474876881
789	-78.66331213982728	1.8003006200193612	1000	6201.261048138142
790	-83.2811343445204	1.6253819348387233	1000	6809.024578928947
791	-85.9887901457714	1.2731733677225077	125	837.6566457152367
792	69.02245713068423	1.5324068593153826	1000	7265.414621889591
793	34.067136117723464	2.4273659174059783	1000	6802.760821521282
794	-258.58826925484277	0.024470668670882996	464	3097.8265468478203
795	-12.762430172774033	-1.0083770517156927	1000	6473.8317212462425
796	66.77693331393853	1.9577069925432533	1000	6435.294846236706
797	-25.41162738805076	1.1576323177239645	1000	6744.050508737564
798	64.29582132645032	1.314701878645473	1000	6837.1395000219345
799	88.26895768735322	2.623357104130299	1000	7227.257332384586
800	55.057901779889725	2.8782012796445064	1000	6750.514489412308
801	38.487263026555844	2.2713421771455935	1000	6939.294283926487
802	-228.31368972536683	0.09272249977303823	264	2059.1482971310616
803	1.0422715152215432	2.141216085507255	1000	6387.173715829849
804	19.977372277922143	2.7928726923332365	1000	5805.51387822628
805	-20.562674826235867	1.8302911949604095	1000	6148.595183432102
806	48.57901558234218	2.4856510087317005	1000	6637.849735438824
807	6.543765028260609	1.863624888591583	1000	5852.546061396599
808	37.97020684228358	4.655617577835062	1000	6392.284728169441
809	-21.983543126170943	4.670131578471123	206	1225.8606395721436
810	63.44577757702526	4.934908656427681	1000	6055.615386664867
811	-30.5669315923124	4.569349992288622	1000	6440.131339669228
812	211.68519251979114	7.677813604725112	500	3495.331723988056
813	-10.260679077634803	7.768862721858561	1000	5906.588757991791
814	40.28142581513124	10.708349016656586	1000	5596.075847804546
815	59.45644590708128	10.798011647037152	1000	6623.237614452839
816	86.84294237812699	14.220874072362081	1000	6582.279005765915
817	100.17114833516726	14.370718004092849	491	2872.379497528076
818	144.76397555163277	18.10548053703372	515	3146.772489666939
819	51.77661347210121	17.78101530574815	1000	6755.505699515343
820	49.128323623411944	18.520832970379814	1000	5840.3965918421745
821	-134.05899005079445	17.225049553281398	354	1786.3950389623642
822	52.60866146285555	17.14382215924824	1000	6680.684774756432
823	-15.519374771013775	18.80680185686939	1000	6308.796229720116
824	69.83846225074915	19.61519677911858	1000	5485.886384546757
825	40.979091711755835	19.615091409935815	1000	5919.844095766544
826	-0.7258126812642285	19.047347347078897	1000	7014.858691096306
827	-0.024069125033192335	19.38314367086929	1000	6283.357786864042
828	66.06009015673517	18.959124581660085	1000	5871.017013192177
829	191.57879192572392	20.4132595895943	678	4261.2326110601425
830	11.24775815199193	23.62856047792873	1000	6431.568730801344
831	103.22471645106874	27.898464446305386	616	3845.2050808668137
832	67.79781729715646	28.534429649176165	1000	5923.483596205711
833	-41.886729507413904	28.507429549034477	171	925.3678537011147
834	80.17395975317218	27.7362346522548	1000	6074.56227016449
835	-29.80328873743346	26.87355834486127	1000	5802.202613353729
836	138.87008490200316	27.62157537915217	1000	6156.904484063387
837	137.4060630936715	28.67126527421039	607	4001.589345574379
838	-236.9341057877898	25.660445668920364	184	1110.7017127871513
839	78.85209308445512	25.771696256036535	1000	5621.333640128374
840	47.79204327489664	26.185152103483013	1000	6037.480901509523
841	7.028714497814555	27.333693693414478	1000	5888.156740307808
842	58.56517934257741	28.066462518811264	1000	5979.241394877434
843	62.62043013832679	28.026075986782345	1000	6812.770682990551
844	91.84114482172595	28.603166647771474	1000	5666.9241471886635
845	-219.53879895050676	25.779043654367985	305	1724.8898186087608
846	-311.53599984315395	22.629094953375677	441	2757.020211815834
847	69.66629691138087	22.80321400874776	1000	6129.539387464523
848	43.35768744638808	23.452559886839598	1000	5407.231714904308
849	49.86804426012769	23.612466932409262	666	4236.918448865414
850	33.959014854927695	23.0944463949929	1000	5310.20442122221
851	25.070099573998032	22.74613123670878	1000	5520.981704592705
852	58.35522344979547	22.664460742311224	1000	5937.877401292324
853	-234.30899075945246	19.911307036214307	155	1121.8512385487556
854	32.19522226232878	19.389010524393996	1000	6332.554643511772
855	25.856286641540446	20.95531853919112	1000	5979.340526819229
856	39.67272196925394	20.294129852337054	1000	5246.677708417177
857	-258.8184718423678	17.153251223905954	142	883.0201243758202
858	99.17705872299211	18.144062500028706	1000	5870.2259313464165
859	45.019888428387034	17.666892968188503	1000	5860.453304320574
860	64.72805258055755	17.93933091120873	1000	5006.4112639427185
861	246.0982986100846	19.636655457212353	516	2628.345343351364
862	46.4138322617482	21.00281922748536	1000	6255.904088258743
863	71.22203320795506	21.067065362442428	1000	6275.684088885784
864	-225.7753967515182	17.458658751119867	322	2069.413656234741
865	48.28484211486568	17.08257160232621	1000	5764.808388411999
866	62.793769589599286	16.598068721553066	1000	5242.307756245136
867	62.79998500602803	16.359357838170776	1000	5930.432571262121
868	199.89337217491584	17.891232354743778	912	5304.579024851322
869	-145.92210204918797	16.709595728105747	977	5560.419271111488
870	-226.9367945650772	13.906751001019328	190	917.0851554870605
871	63.982296506525735	14.201029977363088	1000	5108.1576516628265
872	57.43382750670229	14.280331011573136	1000	5886.954544782639
873	149.2476293009686	14.79416705990613	518	2689.7111663222313
874	-284.40116955370405	12.053188598840608	424	2300.108237028122
875	26.99101234914455	11.964505842424735	1000	5499.419122457504
876	47.443704029635654	13.350247433284967	1000	5481.771864891052
877	100.77092464437061	14.184372332092588	1000	4736.404206842184
878	-224.98291022634143	12.999724332519786	281	1636.2702397704124
879	182.54588792459705	14.607251952354881	442	2569.9147874116898
880	-87.70030736870133	13.235243301478672	132	709.9670261740685
881	-275.0029592604868	9.569917418595157	732	4107.99568811059
882	-202.2772705035989	7.918168409604899	304	1825.743411153555
883	48.55394093774766	7.808884667991426	1000	5607.728538542986
884	161.95046067883084	11.151287070180311	833	4928.202923089266
885	-290.1657664544683	7.397938578976748	334	1663.0942600369453
