Episodes	Reward	AvgReward	Iterations	Loss	Time
0	-121.25366955659351	-121.25366955659351	56	17.584386371076107	2.742861270904541
1	-318.8955027379667	-220.07458614728012	78	2885.178677916527	4.681707143783569
2	-385.3365876859205	-275.16191999349354	91	2416.2988466620445	5.1000120639801025
3	-180.92072217310385	-251.60162053839613	89	1849.5811132788658	5.448840141296387
4	-148.07701739565272	-230.89669990984743	124	1901.5736589431763	5.960409879684448
5	-451.1331083230969	-267.60276797872234	81	1886.6640115976334	6.2965309619903564
6	-261.93040112236235	-266.7924298563852	66	1136.094783037901	6.5493409633636475
7	-20.62287093537077	-236.02123499125844	88	1956.6825878620148	6.890127182006836
8	-437.22496009666355	-258.37720444741456	125	6673.620888888836	9.414411067962646
9	-424.50941388145867	-274.990425390819	94	6845.201938897371	9.840095043182373
10	-200.12853859018054	-268.18479931803364	103	5771.448726803064	10.248556137084961
11	-276.23323790809536	-268.85550253387214	110	7491.277851521969	10.755988121032715
12	-198.022656285843	-263.40682205325453	89	6298.525596916676	11.1856369972229
13	-64.17480528238075	-249.17596371247782	76	7334.850183129311	11.488102912902832
14	-170.07831255684223	-243.9027869687688	80	7771.291978240013	11.803255081176758
15	-297.9402776671519	-247.2801301374177	81	7434.330387175083	12.12169623374939
16	-240.8283886731846	-246.90061593363927	109	8708.654975056648	12.554811954498291
17	-326.1049548446827	-251.3008569842528	104	9685.855196356773	12.960963249206543
18	-225.1316425939931	-249.92352991108123	124	6287.738733172417	13.455104112625122
19	-156.55647901138798	-245.25517736609655	76	1879.0646708011627	13.753235101699829
20	54.85731642535023	-230.9641062331705	1000	21979.801487267017	18.478864908218384
21	-198.52948587900562	-229.4898053079812	67	1282.0838658213615	18.76993703842163
22	-123.686767603828	-224.88967323388758	131	1834.8337360322475	19.408802270889282
23	-344.96857475857666	-229.89296079741632	70	758.3874582648277	19.699535131454468
24	-109.73451076232206	-225.08662279601256	84	1336.967630892992	20.044886112213135
25	-189.3630258494392	-223.71263829806745	106	1918.4478839039803	20.476640224456787
26	-135.85992541225863	-220.45883411711154	75	1369.161498337984	20.784512042999268
27	-185.76273268958334	-219.21968763755697	115	2360.3669729828835	23.242384910583496
28	-97.55388839112891	-215.0243152497491	112	2098.5730301737785	23.77288317680359
29	-126.06097005369186	-212.0588704098805	123	3012.552993953228	24.275453090667725
30	-129.47826095252077	-209.39497978222374	133	1810.446180820465	24.83624505996704
31	-99.18387909854727	-205.95088288585887	135	2111.211045920849	25.476287126541138
32	-152.97638243155043	-204.34559499330408	69	743.7154703140259	25.80160427093506
33	-240.89825756253322	-205.42067330416376	133	2168.2742699980736	26.370683908462524
34	-272.86636691900867	-207.34769312173074	88	1654.6844133734703	26.725081205368042
35	-229.39197557664164	-207.96003430103383	180	2157.736112177372	27.464828968048096
36	-379.1661342895892	-212.5872261926164	117	2301.673880457878	27.941895008087158
37	-141.96723917510724	-210.72880548162934	81	1163.7884795069695	28.269606113433838
38	-119.0987813537048	-208.37931768347744	154	2900.616617977619	28.919822216033936
39	-143.1074903163972	-206.7475219993004	88	1531.236884713173	29.28760004043579
40	-247.50164158371226	-207.74152491599338	105	1306.79503595829	29.72235608100891
41	-69.98801325986359	-204.46167940037122	115	2608.784540325403	30.267954111099243
42	-139.93254364194718	-202.96100182459392	75	997.695448756218	30.636341094970703
43	-336.3723605969516	-205.99307816032933	133	1238.8416491746902	31.212400913238525
44	-377.6597067273126	-209.80789212848453	146	2229.819595903158	31.827417135238647
45	-139.31443069991641	-208.27542557568955	71	1272.5595625936985	32.118671894073486
46	-165.8984553221481	-207.3737879107206	194	2046.2915996015072	32.93771505355835
47	-44.50669596462844	-203.98072349517702	113	1735.158129543066	33.40238332748413
48	-386.4290509054062	-207.704158748447	129	1931.170523762703	33.93906116485596
49	-91.06841922643363	-205.37144395800675	95	1341.0748984217644	34.572630167007446
50	-89.1576140004204	-203.09274140981879	86	1288.1058596670628	35.76847219467163
51	-79.88144282817751	-200.7232933601718	123	1050.986173659563	36.66618824005127
52	-34.75608630971618	-197.59183662337077	180	2237.073775291443	40.169716119766235
53	-67.70012862991348	-195.18643462349192	140	2392.5162100195885	41.6430139541626
54	-86.36084554533664	-193.20778754934364	153	2593.202946662903	42.63076710700989
55	-36.96847881233633	-190.41779989332568	126	1661.071885585785	43.254380226135254
56	-153.63701350015236	-189.77252293905948	79	1215.3974524140358	43.64611625671387
57	-266.11887500525455	-191.08883935399388	97	766.9957741498947	44.143781900405884
58	-117.17325922738934	-189.83603291117007	178	1462.5094686746597	44.9883930683136
59	-56.550423406225335	-187.61460608608766	79	1525.873318374157	45.34870505332947
60	-47.46255674490711	-185.31703150672405	127	2448.579673230648	45.92519927024841
61	-113.69234834258287	-184.16179468149596	118	1059.9165167212486	46.47665309906006
62	-102.82515828472015	-182.87073696091224	124	3379.457070887089	47.039088010787964
63	-179.54533733439047	-182.8187775917478	121	1828.2874225378036	47.564476013183594
64	-156.2817724099737	-182.41051597356665	190	2668.936051785946	51.232301235198975
65	-146.07560305611037	-181.8599869899688	221	3586.0378927886486	52.2802460193634
66	-95.37882824699349	-180.56922342664083	93	1066.5662583708763	52.69527506828308
67	-200.87975935385077	-180.86790777851158	174	2078.860513806343	53.475099086761475
68	-172.5448347905368	-180.74728353230904	131	2183.1046729683876	54.06346607208252
69	-344.28359789347206	-183.08351659461138	203	2969.2435082793236	54.99925899505615
70	-157.78341126529438	-182.72717708293087	248	4622.294896781445	56.19230127334595
71	-213.18684056247315	-183.15022796459118	260	3524.2677749991417	57.518301010131836
72	-301.68643163438094	-184.7740115765061	113	2388.6935225725174	58.01436185836792
73	-258.3212791211238	-185.7678935703523	327	6585.855992078781	59.61336612701416
74	-74.10435766798301	-184.27904642498737	170	3166.7728452682495	60.55983328819275
75	-190.18004696365642	-184.35669116891722	185	5293.1265570521355	61.496522188186646
76	-78.57931435093866	-182.98295900244997	139	5669.387100756168	62.133602142333984
77	-167.92642765860091	-182.78992654932367	360	13797.011747419834	63.89457106590271
78	-309.7815814137118	-184.39741585140456	196	6972.825005710125	64.9075562953949
79	-269.9918473394414	-185.46734624500502	164	4690.565372467041	65.64412808418274
80	-27.448725774176836	-183.5164990786985	190	7338.580415189266	66.52237820625305
81	-245.80612014271202	-184.27612860386938	158	5496.543647408485	67.27959203720093
82	-183.25624783890424	-184.26384088380956	503	15989.390380322933	69.86589288711548
83	-72.4605053157606	-182.93284879371376	166	3827.257070839405	70.60730195045471
84	-16.311681818803862	-180.97259977047955	173	5984.178665816784	71.396653175354
85	-95.24030863323222	-179.97571266423247	365	11470.78016513586	73.14492511749268
86	-333.10659689716726	-181.73583777035816	175	4986.124813556671	73.94652128219604
87	-231.1258391092989	-182.29708778557335	126	3028.6559306383133	74.51436114311218
88	-261.94543822950106	-183.1920130714602	175	8853.61632668972	75.31253504753113
89	-93.6262462664206	-182.1968378847375	95	2555.260223388672	75.74829411506653
90	-290.09958565255977	-183.38258236570258	135	2923.2048979997635	76.38068723678589
91	-50.493515448171145	-181.9381359861642	168	9250.18692624569	77.25535917282104
92	-234.02441187916654	-182.49820346888467	561	25810.856572270393	80.22132420539856
93	-304.5213331976795	-183.79632187025484	254	11217.737499833107	81.45710802078247
94	-192.18880606969026	-183.88466380919627	126	6552.684345841408	82.03800511360168
95	-351.1533332724393	-185.62704578277172	996	45489.20259940624	89.54342007637024
96	-260.44683018641854	-186.39838376631448	654	28151.889034986496	93.45042324066162
97	-182.97011389681097	-186.3634014207073	189	9256.094646692276	94.41326808929443
98	-151.58757485171287	-186.01213044526293	242	11474.043378353119	95.7104880809784
99	-182.0607136502893	-185.97261627731316	194	9748.81665635109	96.68526601791382
100	-222.06516961329618	-186.32996829054073	280	9540.554037928581	98.09167313575745
101	-152.21088108829122	-186.63647533540902	159	10502.853734493256	98.91175723075867
102	-199.60885649986898	-185.45541943206152	351	14893.129369735718	100.67522811889648
103	-174.51151316283187	-183.3680424565854	226	8932.840109348297	101.7865800857544
104	-211.65039798258596	-183.67229667252087	223	14705.929891228676	102.86216402053833
105	-222.62778138135724	-184.41042304861696	245	12380.994249105453	104.09128308296204
106	-179.21566212277753	-181.71817110603953	233	14583.862132906914	105.23851203918457
107	-234.78264364208664	-181.449381428017	273	15752.023805379868	106.610759973526
108	-186.96270596654048	-183.09631048773153	188	10337.238887906075	107.51893210411072
109	-194.40158230757268	-180.69211862843358	1000	31349.07740831375	113.29606103897095
110	-243.92953104265317	-178.90419899636618	644	19999.628763139248	116.93763017654419
111	-177.85102465170263	-178.68362955143078	218	10360.716137230396	118.08397817611694
112	-194.36252818753763	-177.87302846508865	1000	25973.177797079086	124.34877490997314
113	-305.51309279406377	-178.93729021269476	725	17036.202102839947	128.80666208267212
114	-188.30542474006035	-180.16630624692925	1000	30128.42123800516	134.23307704925537
115	-95.87178483194575	-179.43158815064317	1000	25446.033038258553	140.33479714393616
116	-208.2315855677296	-178.54338327837166	209	4315.460079193115	141.40421628952026
117	-253.77043202136463	-178.67152232142294	1000	20809.11342614889	148.76860904693604
118	-266.806750803128	-178.08441139031842	310	21477.918841183186	150.39678812026978
119	-283.49467551297226	-178.6622632013974	101	9123.630462050438	150.87649512290955
120	-378.39207911701953	-180.85865528165115	89	9376.668049573898	151.3078842163086
121	-320.2285204906575	-184.57237643923546	221	6486.564002990723	152.47526907920837
122	-241.5632454580687	-184.99845326675091	55	856.2559951543808	152.7422971725464
123	-219.4063918485	-185.94617231867838	1000	22428.500301718712	158.56760621070862
124	-142.39824312558412	-183.94052547082697	1000	22169.704777002335	165.01561093330383
125	-148.25000505517374	-184.32186699847892	1000	27231.607468366623	184.1262800693512
126	-159.1139790755084	-184.02237148586576	1000	23806.92967569828	190.89988899230957
127	-222.62937176956444	-184.88147491514601	287	8922.852668046951	192.5392882823944
128	-150.64362431747327	-184.5337609708677	1000	21957.344203829765	199.560161113739
129	-209.9457538830638	-185.64655171831262	1000	26164.984491050243	206.22640109062195
130	-130.5785405872834	-185.69128013943728	1000	21230.12672674656	213.50183510780334
131	-170.97212488927613	-186.10211047544473	1000	16517.183530032635	219.8322241306305
132	-264.8923661797859	-187.742788565358	595	12060.764388203621	223.30517506599426
133	-149.7174008701753	-187.710521421186	1000	15986.504180371761	229.42069625854492
134	-148.01216727156594	-186.79085716087934	1000	25030.983044862747	236.3895661830902
135	-336.199115464858	-187.41791407717486	352	6318.007735133171	238.3982129096985
136	-176.5069034425084	-186.8942995015894	1000	17756.494201868773	245.38144612312317
137	-330.86615061213286	-186.41608184141657	899	15262.489116549492	251.4391119480133
138	-150.2895470414494	-186.49848092920212	1000	14715.993043065071	258.0124750137329
139	-217.90870892610297	-187.47679704378032	1000	18828.498842716217	265.36739802360535
140	-322.90865662240776	-189.25700661116653	188	2502.66874986887	266.4491469860077
141	-305.15034074076016	-189.82778581074132	352	5248.263487577438	268.5314860343933
142	-316.7061334768845	-192.27053947625637	288	8303.158274114132	270.12330293655396
143	-326.6769500603546	-194.11949399525054	153	1673.6772482395172	270.94303011894226
144	-450.58502824070285	-195.25031248677283	487	8018.792018592358	273.79362320899963
145	-79.25572513882457	-192.29581761956007	1000	18946.96209576726	280.15419912338257
146	-150.88802218204063	-192.41040763423453	1000	10633.468956947327	287.46586298942566
147	-174.52767403135036	-192.49584544323656	1000	17965.372688144445	294.76164627075195
148	-327.69584844687705	-195.2996984381103	992	9452.52565652132	301.2694790363312
149	-178.51041346317734	-193.24109806739514	1000	14764.253320783377	307.7652943134308
150	-114.36237778712592	-193.4717313204713	1000	11065.216268509626	314.320659160614
151	-233.5757466735727	-194.90161382218568	442	4768.212536215782	317.12144112586975
152	-92.4502142264044	-195.02605710335624	1000	9221.378577053547	324.4927101135254
153	-273.63522182932246	-197.39119705899589	859	8281.367232590914	330.33773398399353
154	-396.0971330315877	-200.64265254812136	663	7428.656744629145	334.8093581199646
155	-150.5743119090101	-201.27842944281122	1000	8594.166560977697	341.9982979297638
156	-180.13217480953037	-202.6958917794171	1000	10130.183154374361	349.1401102542877
157	-362.6189882458708	-204.76502024224604	361	5403.832552284002	351.4471492767334
158	-120.6861091866542	-203.32509186780445	1000	8548.806175619364	358.6908071041107
159	-119.80565624572009	-203.35115520461963	762	6835.147206097841	363.76953411102295
160	-137.55142001372212	-204.15314527004037	1000	9824.620559483767	370.5852749347687
161	-128.82331587085505	-204.9586973405943	1000	7012.144632697105	377.5020592212677
162	39.02657340106917	-203.44662880847898	719	4746.229381680489	383.01793003082275
163	-186.16984665033112	-204.27182374279192	616	2622.2022348344326	386.947514295578
164	-106.59014260147558	-203.54949508206997	1000	5189.414201229811	393.89732217788696
165	-117.72142667280173	-203.1677094807118	1000	7077.755774021149	401.1489610671997
166	-94.18270582718736	-202.65391841903934	1000	6258.727645039558	408.0755741596222
167	-168.04171237197892	-203.3733529153263	1000	8976.490485191345	415.8718512058258
168	-34.72165834225313	-201.7282232023402	1000	6387.802014410496	423.9512882232666
169	-223.4623636786527	-202.23235715172748	827	6505.022451788187	430.50577306747437
170	-210.11328433306699	-200.90393820558486	529	2431.772103726864	433.88986015319824
171	-106.28115196588412	-200.39401484618475	1000	4963.590438008308	441.6104929447174
172	-108.47406480406718	-199.35725469016094	1000	5688.513544932008	449.57042622566223
173	-91.71951747543427	-197.27837435195354	1000	8190.102072998881	457.09698605537415
174	-100.1704524201137	-195.7125245826366	1000	5190.367315888405	464.1490550041199
175	-131.942254674472	-196.28517702824544	1000	5966.00877250731	471.7021310329437
176	-166.04919284073432	-196.0462576804937	1000	6116.428343743086	480.61740922927856
177	-154.0492970407208	-196.79348523187772	1000	4104.1665026545525	487.76340794563293
178	-65.07164790157839	-195.77512107586762	514	2641.724476248026	491.25042510032654
179	-57.171657102263794	-193.27403271634833	1000	6388.103898257017	499.1978461742401
180	-178.6906356602865	-192.37006032348538	714	6017.820713847876	504.88335609436035
181	-107.08025141521522	-193.15849127042637	1000	6242.689135670662	513.2890481948853
182	-102.19463818209226	-191.73659540943012	1000	6536.1738416701555	520.8502900600433
183	103.98216868790969	-188.89265069134285	755	3136.172822088003	526.611542224884
184	-430.61898757821376	-192.4387742780998	620	2599.950094103813	530.8114440441132
185	-96.07703857245127	-193.22853028556167	1000	5601.79978993535	539.3146262168884
186	48.83789802497863	-191.80201338795558	643	5015.647451728582	543.8950819969177
187	126.51057823672036	-187.25134828762003	480	2871.2261192947626	547.1988260746002
188	-191.4162159303594	-186.85818370168997	550	1909.9787650704384	551.0974102020264
189	-117.16576699403666	-185.42472161024972	1000	6017.02140237391	558.921266078949
190	-59.543309286430976	-185.08726678866566	1000	6025.658385902643	566.8076961040497
191	49.1551866177596	-181.7283086473754	974	5350.142203122377	573.8839821815491
192	-118.80604729713622	-182.40467034885032	1000	4640.238544002175	582.2808263301849
193	-113.44884152614279	-181.21085282060258	1000	7193.147654816508	590.4596769809723
194	-105.89919535099067	-179.24429700033832	1000	3950.342301040888	599.3342370986938
195	-60.151762593805735	-177.9369995401811	1000	4739.35425324738	608.1214401721954
196	-107.1793619502466	-175.52141566570393	1000	4275.399762928486	615.968612909317
197	-53.24052154075652	-173.46986805535082	1000	5437.905759885907	625.4791948795319
198	-174.86606488111718	-173.3896299462845	1000	5174.348074123263	633.5002770423889
199	-78.99348450281926	-172.67087657649344	1000	4110.008848011494	641.5032279491425
200	39.50623287454718	-170.4771444326832	874	5689.152986526489	648.7892460823059
201	-91.07152519391434	-169.18017765625368	1000	4317.784651502967	659.1778681278229
202	-79.09798373810794	-168.4562875834796	1000	4122.998613297939	667.6947040557861
203	-102.20829426882695	-167.49192558119208	1000	4135.973973959684	676.0653162002563
204	-79.71661125862236	-166.5533621960019	1000	4031.070054858923	684.4626929759979
205	-134.2071956604349	-165.78659781657467	223	1156.9590685665607	686.0875551700592
206	86.85006276495221	-162.7224607458191	820	3360.8136208206415	692.1525390148163
207	-66.91856948635194	-161.61060834347825	1000	5598.336558461189	700.6826500892639
208	-77.46649532817949	-160.05302271660787	477	2038.1856619864702	704.4869031906128
209	-101.41730530392036	-159.20603855163145	1000	8131.887897178531	712.5976750850677
210	-118.27344541795703	-158.4522946220313	1000	4998.319885417819	721.5150401592255
211	-123.34822486374709	-157.25842030342827	590	2079.5271793305874	726.1439771652222
212	-101.29084651003846	-156.50039873766923	1000	4666.343228965998	734.9869830608368
213	-125.8189079702316	-155.8217490325474	771	3978.2925588339567	741.1023330688477
214	-112.99519886770727	-153.9156312709003	1000	3840.5270061939955	749.9160048961639
215	-93.14974906800661	-152.9734958682067	1000	4631.386227846146	758.481682062149
216	-213.87805361038443	-154.1418747670031	839	3783.4236433953047	776.3020119667053
217	-53.475776600506585	-152.60963903465435	1000	5137.820398047566	785.3095471858978
218	-101.46195571388408	-151.10163431873872	1000	4301.401265010238	794.830885887146
219	-63.02815741333528	-149.0840244831962	86	448.3291085958481	795.545006275177
220	-233.99113524617317	-148.59389042114867	448	2737.668380483985	799.272705078125
221	-185.21092688144944	-146.681205745549	253	1089.816654920578	801.162652015686
222	-115.36046842797651	-144.65280919047294	177	889.751364916563	802.444314956665
223	-225.27776331236578	-144.49156679299074	285	2175.9269800186157	804.6819672584534
224	-225.646271589611	-144.55334778052648	299	1186.5321039706469	807.0551519393921
225	-94.84906705428378	-144.08256385902843	1000	4949.5984381735325	816.6787872314453
226	-164.19874030739766	-144.24047212885245	1000	3995.652697354555	826.8783571720123
227	-213.3898551288292	-144.77785704027147	490	2705.7829478532076	830.9184291362762
228	-19.45562710342578	-142.76623580595327	1000	4041.0345749109983	839.9258940219879
229	-108.42105568355161	-142.34819057195404	1000	3627.504400290549	849.2870280742645
230	-60.504341104310626	-140.86857262364956	1000	3862.934432655573	858.4634110927582
231	-72.68987580474997	-140.2954175267928	1000	4378.472508460283	868.7780292034149
232	-237.77681617642799	-140.9568501137943	1000	3673.8058022111654	877.1842970848083
233	-85.47409762373522	-139.18043161323934	1000	5547.903481155634	886.2265820503235
234	-60.26363842535276	-138.29475079695396	1000	5021.000629320741	895.3924670219421
235	-57.47292173243993	-137.39832262329926	1000	4503.382270678878	904.0803411006927
236	75.91812676619755	-133.3179538883383	754	3756.3020609915257	910.8341660499573
237	-13.383759488802337	-131.7028732551333	1000	5658.0907009243965	919.7908239364624
238	-43.83896690625268	-128.8610199511147	1000	5300.021244108677	929.0276312828064
239	-128.90933198391758	-128.64933465351535	1000	3032.75509737432	937.5317471027374
240	-16.56360203327309	-126.65581874368536	1000	4730.971241861582	946.9203200340271
241	-46.644401472797504	-123.92052908873873	1000	3655.2524872273207	956.1844623088837
242	-76.14604521109855	-121.65315982606882	1000	6144.407972022891	966.1248540878296
243	-148.01013008211112	-119.98290236671461	1000	4720.533058911562	975.7431981563568
244	-111.9739236521574	-117.8571298280196	1000	3677.0003603696823	984.1373851299286
245	-80.92536267452148	-114.19713313924552	1000	4767.062728047371	993.4549472332001
246	-117.99683206694539	-114.58070845536552	1000	4870.8397716879845	1002.9135320186615
247	-128.4150646132554	-114.35820392498151	1000	4101.518044412136	1012.3572721481323
248	-114.09370815375206	-113.75984782718349	1000	4472.042728126049	1021.9842813014984
249	-148.51585350158985	-111.98578847128958	1000	3380.8530255258083	1031.0388250350952
250	-108.2427475339678	-111.29006900664392	1000	3626.7515609413385	1040.5731432437897
251	-141.390187326631	-111.55767108129253	1000	3053.39876011014	1050.188861131668
252	-70.12040379920734	-109.93930134986314	1000	4547.286838412285	1059.7016580104828
253	-226.48182786131247	-111.2663470294167	136	315.2107051759958	1060.7684881687164
254	-169.6197247146278	-110.2364906223405	158	712.2001177668571	1062.0353722572327
255	-70.2983931395726	-107.01076052439976	1000	3215.538525290787	1070.8050501346588
256	83.74356505677483	-104.6907815445405	642	2549.82239317894	1076.746393918991
257	-104.87331623262274	-103.94564433090777	1000	5487.970230534673	1087.0062561035156
258	-41.747625975416426	-100.76870015001218	1000	2855.0816689431667	1096.613967180252
259	-150.4579145556311	-101.06347050020005	1000	2833.935541719198	1105.9463729858398
260	129.62848668419005	-98.593825520696	611	2532.24724778533	1111.485624074936
261	-164.01729000085658	-98.85586383740029	403	1494.0307156294584	1114.8932960033417
262	-113.10178866467422	-98.70020515219059	1000	4560.076991841197	1125.107310295105
263	-74.00897757913222	-99.81936902328171	1000	4400.86931219697	1135.1408541202545
264	-29.044708725840028	-98.26367458838575	1000	4152.196341171861	1145.247661113739
265	-188.76652830008427	-99.0773021695601	311	1077.3690226376057	1147.9747741222382
266	44.87372556899507	-97.46744917706705	866	5013.5524467378855	1156.412446975708
267	-55.2294716959753	-97.08177359160949	1000	5926.739324629307	1165.9536521434784
268	-536.226546457671	-100.72716798849754	410	1967.7404870390892	1169.5440442562103
269	-10.686034454266348	-100.48919151435904	999	5059.657334253192	1179.7250430583954
270	-135.18413229669747	-99.6151496194882	1000	2739.1176904439926	1189.9142560958862
271	142.75840347515808	-96.12137053227804	837	3285.222014978528	1198.3409280776978
272	197.52633796406076	-93.1133755824766	266	1177.4010041058064	1200.597237110138
273	-63.04606551960544	-92.66359341134334	1000	3231.9368351101875	1210.8700351715088
274	-267.6218548007431	-94.40520071159395	239	2698.165892869234	1212.9242761135101
275	-42.77524972349653	-93.83693137796406	1000	3904.6307439804077	1223.2951083183289
276	-77.2871291854299	-93.29579152163691	1000	4510.253297939897	1234.0027031898499
277	-90.37278874747959	-92.54652019398092	1000	3083.1913104355335	1244.4125649929047
278	-15.014541704942147	-91.16993845798312	1000	3347.5051185041666	1254.8787941932678
279	-188.91899285513568	-92.39614979415695	617	2826.814431861043	1260.7141461372375
280	-127.96091249844963	-93.09703351095088	1000	3187.0470522791147	1270.836361169815
281	118.9411199692304	-90.15018444531206	482	1818.736325994134	1275.5284070968628
282	-167.85412969227718	-90.75190601241168	356	1204.697173282504	1278.7981519699097
283	-119.415436457171	-90.9224089656303	1000	3555.7907343804836	1289.100051164627
284	-317.535689267248	-95.09585310380018	751	1574.3605543971062	1296.8247129917145
285	-55.2374224760084	-91.3792039443724	1000	4039.3835768401623	1307.0663912296295
286	-231.90364110400122	-92.72402179121944	484	2648.3938156962395	1311.7285780906677
287	109.40863270105046	-92.12431154690191	691	2559.810349583626	1318.8399441242218
288	-48.80491541845009	-93.86010851378477	1000	3232.202398709953	1328.256294965744
289	101.23138012833789	-90.96260756270856	604	3166.031584814191	1334.1589500904083
290	-158.70135027150977	-91.37385096149542	1000	3782.5800502300262	1344.3353140354156
291	-6.2466549591022735	-90.84616131469018	1000	3483.9979989379644	1355.0349321365356
292	-76.22516402600225	-92.08755092502443	1000	3503.664606437087	1366.27139210701
293	-110.19843357761029	-92.00232702681132	1000	3320.1857326328754	1376.6580429077148
294	-153.4834874659586	-92.3987096598788	216	656.8936657011509	1378.5976841449738
295	-199.21438824972148	-93.32262246085637	384	1148.7469512671232	1382.1346340179443
296	-306.8282124820864	-95.76496354885914	810	3211.535833582282	1390.301943063736
297	-56.817004130910945	-95.26632634272713	1000	4919.218649208546	1401.4525163173676
298	-48.14078407069696	-95.2158338925285	1000	4730.684918537736	1411.721295118332
299	-187.6058962958468	-95.34197083722879	1000	3302.5543067753315	1422.2438950538635
300	-245.65676210127245	-96.9921022985996	669	2214.2693842947483	1428.9829063415527
301	-158.29648335282116	-98.95054503352402	1000	2546.7368150502443	1440.5501871109009
302	127.67565234302401	-96.78473139454445	387	754.8089821785688	1444.3508512973785
303	-42.57339345036347	-96.42310178773509	1000	5248.949307084084	1456.0739440917969
304	-75.69115237174277	-96.16055582835804	1000	4838.556682124734	1466.4728531837463
305	113.17090194875807	-94.2507784698691	811	2839.0445894151926	1475.0245702266693
306	105.2908789743077	-91.8795104041786	844	3032.3593905568123	1484.317134141922
307	-172.5802324760049	-94.44812718874252	1000	4149.291812449694	1494.4909961223602
308	-171.55385281749147	-95.48412009301121	418	1820.9005379527807	1498.5081129074097
309	-236.15355853656968	-97.05527913467844	495	2241.4223810732365	1503.454344034195
310	-72.59852728900586	-96.76994469888722	1000	4122.138189867139	1515.0608899593353
311	154.89012747727222	-94.0653548682414	592	3295.9074736982584	1521.0483241081238
312	-30.661504692000427	-93.14766456951122	1000	2723.723891824484	1532.2890450954437
313	-24.01793723209792	-92.38258625982866	1000	3302.7312398403883	1543.6475579738617
314	-210.50300336153967	-93.2210426498416	1000	3033.911134853959	1554.5075132846832
315	-115.00126325014256	-93.24090467343007	1000	3607.5431361049414	1565.5484502315521
316	77.09395564776835	-91.55532343862042	936	3528.766730874777	1576.285305261612
317	129.1477551939824	-88.15902830194352	873	3255.0544676035643	1585.9197719097137
318	-90.30052943015865	-88.5236298151084	1000	3740.0672610104084	1597.3885650634766
319	-8.262301590388464	-87.60086096240052	1000	2857.4622022658587	1609.386579990387
320	121.94479514635532	-85.7694455905224	927	3918.9270950108767	1619.4667279720306
321	133.84516582527553	-82.12750201555754	807	3732.9183547198772	1628.1890680789948
322	-19.431493385986382	-80.4861214858995	1000	2233.918742440641	1640.5835461616516
323	116.60292223336988	-78.18945425162875	797	4934.38330501318	1649.5622019767761
324	-112.84561478992408	-77.07626466229765	1000	3504.09419644624	1660.6139249801636
325	159.19739806192038	-73.26593129941119	802	3819.6691347956657	1669.5940511226654
326	165.45419401590752	-70.68867128881523	750	2868.906932130456	1678.0007491111755
327	146.39147432178328	-67.61352064892236	616	1984.8856472820044	1684.777101278305
328	165.28302113800146	-63.864284250240864	729	3071.0349750965834	1693.146572113037
329	170.75775617279936	-61.98098342572379	565	2572.629578500986	1699.365210056305
330	178.09813613314506	-59.144159744370356	366	1317.7649965286255	1703.0300769805908
331	-90.64692242456056	-59.44260114358076	435	1144.077290892601	1707.741592168808
332	-160.54612522978525	-60.31246499927417	1000	2609.2864105403423	1718.9895482063293
333	-403.95789843119957	-61.957822249321424	449	1755.1240285336971	1723.562177181244
334	131.99474966744881	-59.80466534544831	554	2725.515938729048	1730.0392820835114
335	85.27055103486062	-58.36373277653531	754	2167.7009767740965	1738.972665309906
336	-208.3655091017337	-59.85771879009267	968	2902.6936900764704	1749.4562592506409
337	-138.01340601984327	-61.97585277807327	1000	2068.5507886856794	1760.5282609462738
338	129.07899563661658	-60.565330450098834	753	3116.5638098865747	1768.9555931091309
339	146.6786752378477	-58.679017161543385	798	2897.84518250823	1777.68350815773
340	134.45629300543155	-56.07143671610428	498	1907.0013693794608	1783.1928160190582
341	77.37777593029003	-55.14132406299969	712	2707.7011450752616	1791.3519439697266
342	182.4657957034365	-52.87290626917558	729	2647.385181121528	1799.2119660377502
343	-180.63878822425738	-53.907487883167256	280	1306.286014482379	1805.971137046814
344	-247.83837712104054	-54.895886368701206	118	256.9580180644989	1807.2035450935364
345	-95.41942809589442	-54.731980472104546	1000	3415.0577908605337	1818.9273381233215
346	-164.83523710694487	-55.56277130806914	1000	3014.4345882683992	1830.3950080871582
347	-33.62356910428272	-54.72739246685465	1000	3390.471682295203	1841.8849003314972
348	-110.53919359558266	-54.55040364489751	1000	3086.7300985455513	1853.677160024643
349	-298.81162926680975	-56.37929395294757	971	2463.011030614376	1864.9619920253754
350	-155.333119074332	-56.446791631885624	1000	2878.091807514429	1877.4160120487213
351	-90.86002350572899	-56.27468545338821	1000	4155.684328831732	1888.8727838993073
352	29.595078539112514	-54.581762028974914	1000	3653.339112177491	1901.0092780590057
353	25.84412740773936	-53.631618155638805	1000	3918.3843932822347	1912.737240076065
354	2.1833452931075237	-51.36760654024851	1000	3454.946599431336	1925.116154909134
355	124.67255664136651	-48.453821576327776	739	1841.125594906509	1933.7721700668335
356	142.52004925939968	-46.34670828524884	767	3742.2239460349083	1942.9066090583801
357	9.793225814234862	-47.078889861907655	1000	4111.055434808135	1955.6519849300385
358	197.36372730511988	-44.08644388628644	629	1835.9160246402025	1962.5597321987152
359	62.18267243938867	-43.05743103069431	821	2317.523908548057	1972.0167512893677
360	59.77328222745005	-40.97593403284201	877	2432.686287432909	1981.9692921638489
361	-49.72431040772347	-42.75170430107879	1000	4294.6149116382	1993.9793050289154
362	-104.98511702170948	-42.167227340889205	1000	3404.6353714689612	2005.0245521068573
363	29.135310525220742	-40.758939230098164	1000	3758.8619469702244	2017.241660118103
364	48.4644342891132	-39.54633119179869	1000	2701.185728356242	2029.5705139636993
365	-129.78678288503556	-40.54377747060261	1000	2778.9206274673343	2041.9656491279602
366	-45.26631014243632	-39.12298323141798	1000	3547.3213543966413	2054.5941870212555
367	193.10756522037497	-37.65532145269146	373	2352.746412694454	2058.789593935013
368	182.76456530990765	-35.29894484867281	498	2157.1934545710683	2064.8788843154907
369	111.9678948912258	-28.881178102644128	724	2062.3456636220217	2073.871639251709
370	120.79927553588378	-27.579343350266402	630	1330.7053709626198	2081.164155960083
371	41.9900527414291	-25.82514349840376	1000	2913.0323870033026	2093.258038043976
372	180.41663652260468	-25.452289705854785	408	983.7533163204789	2097.7082509994507
373	157.66795707625613	-25.846927140387503	584	1399.4475705325603	2104.374349117279
374	164.07760687373082	-23.59817790877031	621	1942.096246033907	2111.837865114212
375	165.20961012317827	-19.31271786001861	419	1662.5982333421707	2116.7710840702057
376	-208.46777871115663	-20.95323794900535	336	696.7893630564213	2120.7362880706787
377	-38.256922103918896	-20.566800255129003	1000	2378.2476346567273	2133.3041570186615
378	153.2571182688627	-18.15462295793749	746	2230.305411607027	2142.6593222618103
379	94.73499089045677	-17.067993922339486	832	2410.7095302045345	2152.808356285095
380	-43.383916438095206	-15.627052571675717	1000	3554.770315274596	2164.846671104431
381	138.06636060116418	-12.993119174649841	531	1489.9150288701057	2171.1229560375214
382	175.3378402093578	-12.434735805935704	559	1623.1972201094031	2177.48877120018
383	200.09380946400807	-8.791686903398228	502	3958.486586600542	2183.7836470603943
384	118.65214371047412	-6.434582149263127	800	2361.198684811592	2193.8757042884827
385	85.4707972536041	-2.4444189163834062	810	2534.067583538592	2203.470330953598
386	17.06018179288546	-1.7286010523349509	995	3775.3460058420897	2215.4714460372925
387	104.98944221339603	1.6069740300155162	751	2590.8745600283146	2224.629004240036
388	102.94029792181419	1.5429311114092181	889	1817.5730305463076	2236.2996411323547
389	-96.05448034271124	1.0751136369115835	1000	3531.303040675819	2249.2056951522827
390	113.29247856363203	1.1945304531026153	435	1315.843069203198	2254.5506451129913
391	158.17163469191783	4.3318867398692245	745	2024.6517891064286	2263.8477561473846
392	212.71306774269988	6.499804786421722	309	607.600126594305	2267.5393760204315
393	141.86885174174492	8.659151477191495	508	1846.3139110654593	2273.7160720825195
394	160.53900348442147	11.339720160973988	403	786.130693167448	2278.3024752140045
395	-279.6368498340962	10.09067696921025	769	2023.4298210144043	2288.1242439746857
396	113.36499849886349	13.185522382562574	454	868.3186587393284	2293.3166029453278
397	182.20792382904165	18.027464326237112	334	1158.5866815298796	2297.076225042343
398	-137.23799142777517	17.231216927258256	1000	3300.678523108363	2309.4011023044586
399	98.92555786157416	18.687319322627275	760	2291.524683997035	2318.8643882274628
400	120.42578731127237	21.737137972202714	700	1435.687026746571	2327.6519622802734
401	105.13382338147635	25.210312085893293	682	2125.125079974532	2336.431484937668
402	96.99821462781304	27.737982362929277	929	1977.9968900308013	2349.1196172237396
403	94.09766238098172	27.40552701677044	574	1654.3604668825865	2356.15300321579
404	111.31063455894848	28.929131254486396	937	2039.2438335046172	2368.3678369522095
405	115.08730305990812	30.818026852819575	936	1760.415108218789	2380.6026051044464
406	151.76988117135056	31.200194963934354	716	2633.4381887465715	2389.719108104706
407	53.405335723299736	30.686476713924375	811	2343.6601448357105	2399.7412700653076
408	198.05115362606327	34.35609439810327	510	1600.9368243217468	2405.7613849639893
409	196.9684924839801	38.004830490197044	699	2362.574591860175	2414.0797090530396
410	-130.28310748736249	39.053052777812965	1000	3567.037946552038	2427.8264400959015
411	-64.54215195744138	39.13281887020468	1000	3145.8991826698184	2441.5890140533447
412	-108.63792963967975	36.52363018587843	154	332.8223054111004	2443.3692202568054
413	169.12270415790795	38.501691659639896	715	1743.8594474494457	2452.659684896469
414	61.17656153836382	39.34520154845635	826	2160.984091490507	2463.08562707901
415	133.52007153061885	42.75137060679456	618	1924.4887768477201	2470.8097779750824
416	151.92026247532922	45.39415799021507	453	993.2823667749763	2476.240380048752
417	150.12491567054383	46.117236802321756	847	2429.0061057433486	2487.200182199478
418	27.288352868045695	45.10872786840159	1000	3779.671373359859	2499.4843652248383
419	214.15808054200465	48.123169551294296	211	862.0106585398316	2501.830803155899
420	111.53097943908215	49.309241640694985	1000	3165.6576809585094	2514.176176071167
421	190.5509728083228	49.988510726457044	317	795.93826251477	2517.9876329898834
422	111.03281993650194	49.76264591567711	601	1123.5844633430243	2525.4190101623535
423	-2.7461269108214985	49.92784756394607	1000	2850.366283558309	2538.3743040561676
424	118.19286462153109	49.94358956778925	576	4503.374471642077	2545.6909918785095
425	-64.62613957441994	50.42101011447741	420	1945.5888671651483	2550.8105370998383
426	-97.1091530221347	47.88332148988282	1000	4286.230730749667	2563.179295063019
427	145.34709771556606	47.684241328493286	510	1931.8307371884584	2569.575692176819
428	146.1272126323802	47.68162487612297	490	1494.8960546553135	2575.8004841804504
429	240.707270514345	48.428399622423385	220	690.0016103386879	2578.3218080997467
430	201.99931536374433	48.737721990650556	589	1673.5905301719904	2585.4960510730743
431	174.80940696346363	48.70516031570322	337	1151.999692901969	2589.6055340766907
432	164.5598483306443	51.231960026150794	375	1214.4725997149944	2594.124162197113
433	194.73671875628776	54.749611946804976	345	823.2195011302829	2598.459985971451
434	-79.77704693622167	57.95932334774536	1000	3490.2883127853274	2611.3823421001434
435	106.40681158457582	57.705977426132755	865	6153.242456257343	2623.379893064499
436	196.20374088231563	58.80432584046399	706	2233.945207811892	2632.6376481056213
437	-99.86828311946526	59.878555800684474	1000	3759.995903670788	2646.464324951172
438	175.7910768426351	62.98553087853079	492	2331.856655627489	2652.8090839385986
439	186.54049151847846	63.554456580331404	415	1316.8304765820503	2658.1800141334534
440	186.38942821947705	63.947632352426744	504	1724.384672999382	2665.02516412735
441	130.93694365315892	63.91278730933493	504	2276.035382717848	2671.6197941303253
442	212.5320361517994	65.25094830162712	447	863.2222618311644	2677.461454153061
443	177.79751316405338	65.2047276824253	612	1168.2701318189502	2684.934995174408
444	125.07878586765986	68.23163435660268	656	2085.753932982683	2693.453992128372
445	219.89974354785002	72.86270485827487	411	1104.015976510942	2698.850379228592
446	197.27587838590995	75.76067818977789	379	937.5753952562809	2703.623586177826
447	173.53078122460926	79.11083678712001	545	1799.821489624679	2710.928827047348
448	183.57076874429094	81.26127577571975	613	2088.9763886630535	2718.9596631526947
449	161.02458794853203	83.95002608803772	691	1405.0251075923443	2728.329663038254
450	181.74857719039267	88.70804793414862	351	806.2303895950317	2732.763563156128
451	157.97535963205095	91.8101120797564	454	2084.3884666115046	2738.7839109897614
452	265.86110300395137	95.3420044214364	281	2362.8966218084097	2742.2700061798096
453	198.91583740546918	97.01844757852903	340	2039.9207936525345	2746.6404490470886
454	116.4608754207883	97.9156431034107	697	2226.001700296998	2755.9554431438446
455	106.70068874130419	98.95046828606614	452	2910.7586362063885	2761.968353033066
456	181.53904846943166	99.51350285862121	330	607.3538781255484	2766.3702630996704
457	143.76293181054774	99.52580862645436	636	1995.350924178958	2774.9341101646423
458	202.21689054038282	101.43099342572314	576	2000.7309883087873	2782.3775260448456
459	168.2149111303489	101.1423912853789	642	1455.392581000924	2790.981657266617
460	-510.3610306773739	95.47364174956938	327	744.4873465895653	2795.16361618042
461	-241.92386629338705	92.48654126916504	226	1002.6995366364717	2798.075325012207
462	-372.15817515589686	89.29412676670789	186	489.7795609384775	2800.3258361816406
463	173.47212941698808	92.05112920669498	491	2241.2139845639467	2806.5012822151184
464	160.34749596308387	93.35025975558473	497	2395.6759238243103	2813.2819249629974
465	130.67966244952248	94.16427191558876	762	2615.3311024680734	2824.116826057434
466	177.58864684162936	97.20759300199138	417	1449.739865526557	2829.8699600696564
467	89.64411206956063	98.54333975656562	845	1843.9450686052442	2842.1876339912415
468	146.8072783891351	98.0849210750682	448	907.7142272293568	2848.1454191207886
469	179.63337669914142	98.05391920763485	401	1884.0980344042182	2853.434083223343
470	192.18917745872199	98.8481893320655	434	1476.3100325912237	2859.232885122299
471	194.30091252553447	99.57592831216107	354	1691.0474780201912	2864.076911211014
472	137.5343084126431	100.52191104157903	372	696.0659790635109	2869.2400422096252
473	18.290514405023387	98.91670191170199	925	3095.389835819602	2882.5486891269684
474	68.72916379539164	98.03611980001025	886	3259.2008833140135	2895.028604030609
475	-136.2767850721381	95.06231393916008	1000	3596.97570168972	2908.370692253113
476	-166.46234557389766	91.77843318968407	468	2139.093459919095	2914.5802450180054
477	173.51359486586244	95.56042698747633	699	2847.7564737051725	2924.730332136154
478	179.34834331184192	97.7149345658502	499	1252.6633771061897	2931.6869583129883
479	-334.70043996072576	92.88367161308202	985	2460.573158994317	2946.4731731414795
480	-66.99504874866419	91.2823840919026	1000	2080.7918080314994	2961.2279601097107
481	-89.4514293676603	90.82627010250097	1000	2839.5975850224495	2975.8299672603607
482	-105.20096691828347	88.41768270131833	1000	3871.384364798665	2990.372192144394
483	79.08605606058683	87.4646947394493	759	2352.215116277337	3000.873433113098
484	194.27852614822226	87.40711767691678	600	3358.1494770646095	3009.155424118042
485	201.13555076154336	88.223785073462	348	1414.0833280533552	3013.9054169654846
486	166.79150239401724	89.02894056990174	551	3009.445944428444	3021.163731098175
487	71.93248321205522	89.57223068296283	764	2050.554860368371	3031.4139161109924
488	168.45234047971144	90.20057621035205	429	2436.3891752511263	3037.355054140091
489	-154.36560311126357	87.65299303180674	1000	3633.205474331975	3051.5211353302
490	45.667918871837855	89.05618510323791	956	4240.613170720637	3065.640971183777
491	55.58965513376091	88.48487001977385	836	2318.044479124248	3077.2810850143433
492	127.92218459729183	88.18537051388645	619	1702.7402519583702	3086.134430170059
493	-84.41152871322245	85.24354282620406	1000	3207.2644625753164	3101.5044219493866
494	-44.19317990772187	83.40134449304102	1000	3207.168436214328	3116.476777076721
495	-164.13783804597657	80.18672229967076	1000	3327.7264896333218	3130.9694612026215
496	31.9790615202906	83.27202835268449	819	2357.818949252367	3142.2663621902466
497	135.94534783051208	83.49559616784933	981	3822.2774204835296	3156.561816215515
498	135.99993889000984	83.0380913664728	487	1149.6581945493817	3164.025092124939
499	75.08437013142068	85.14029296606877	627	2120.7357720583677	3174.1737911701202
500	210.0126118313159	86.24016478755138	419	952.3277682960033	3179.803614139557
501	109.8534312544327	86.1354879949094	708	1834.8543644994497	3189.620570898056
502	147.03354004538605	86.5503366747501	434	1725.1801979094744	3195.7564170360565
503	189.5666641318162	87.46685597676992	301	735.1102700084448	3199.9062831401825
504	215.03093277165306	88.66421508954885	442	1294.0357298403978	3206.077496290207
505	146.41288153256758	89.01176208928766	478	1911.5752147063613	3212.6689512729645
506	181.30591295000687	89.66739189017972	279	948.583101645112	3216.3813240528107
507	167.8643774098356	89.8267433380855	782	2442.217907346785	3228.4358100891113
508	246.97234964030739	91.74324842637272	528	1262.717335961759	3236.1049151420593
509	158.3323399399215	91.3499928453218	676	3928.9027338624	3245.699026107788
510	171.90610530810721	91.10185039803595	463	1646.610955402255	3251.9411730766296
511	128.2316761159644	93.66140271094015	566	2111.4493928849697	3259.6530520915985
512	-80.2646271604768	93.50573463962296	214	935.3440418839455	3265.692761182785
513	176.21326380991093	96.32604348565852	290	1014.2124429345131	3270.211172103882
514	165.52037595853085	96.29037686982309	520	1565.282605662942	3277.85103225708
515	-226.15066634660747	93.44555283135801	592	1684.719478905201	3286.713438987732
516	146.44875247231852	93.57355957335506	482	1547.371416553855	3293.760903120041
517	154.26937866009536	93.59681814944187	366	1220.8819268792868	3299.3206400871277
518	-305.15337078355765	89.0891123429656	218	824.4097262322903	3302.451468229294
519	189.94900714785598	90.6996138704885	507	1992.023838698864	3309.26717710495
520	180.5980486776159	90.3673363272767	252	840.3010890036821	3312.86292719841
521	-347.6496704390509	85.82099325917639	110	340.69739776849747	3314.382349252701
522	-160.80899147478	82.34218173162091	1000	2614.446839094162	3329.3593611717224
523	99.88834094071476	82.23184035542499	586	1742.410321623087	3337.48340511322
524	209.07493611289914	84.32907860318461	261	383.545656144619	3340.997866153717
525	132.99231969633968	84.47560786135105	627	1680.5462630614638	3350.1043050289154
526	115.790195835318	86.2619082119425	421	1323.2234867215157	3356.2029600143433
527	149.08492865714385	88.69947337708388	698	1912.231776162982	3366.3180601596832
528	-163.83035908922622	85.63831043842255	1000	5328.9725193455815	3380.273588180542
529	-37.29546312796826	83.82224434178545	1000	4042.7021456882358	3395.654438018799
530	148.91186637560503	82.91337895427318	558	1461.2453753650188	3404.065083026886
531	-343.289561167348	77.5144791866386	536	1273.923540584743	3412.2977731227875
532	172.30550756908025	77.48968810352588	348	1175.8754357472062	3417.4405169487
533	164.51376087366899	77.48923179207068	317	980.37853564322	3422.0921030044556
534	199.9879880125957	77.54122455698462	555	1459.7787641435862	3430.4294691085815
535	194.02567139028173	80.25214256021732	433	1135.7681269198656	3436.7323620319366
536	176.29014003196596	80.94405670326078	369	1455.9975335597992	3442.2822020053864
537	-22.961654042486046	78.77410229806473	238	980.3163698092103	3445.6942501068115
538	111.24936279292143	80.86437601996957	417	1144.6351146772504	3451.712515115738
539	203.65372865149885	81.14024385966128	563	1765.7849784120917	3459.7427620887756
540	202.63143483466965	81.29956013011864	380	1390.6826241537929	3465.3885481357574
541	158.38882783371199	81.02232646293282	621	1639.0154305025935	3474.5102021694183
542	-85.13420169892942	78.88300819212007	1000	3176.9197664111853	3489.6195600032806
543	-98.88865719509612	75.79963499066565	1000	3156.8191596269608	3505.1854190826416
544	199.52460270366578	76.01475468907766	362	1443.0360899344087	3510.6969091892242
545	188.77281808048667	76.64538867138288	356	1038.602047547698	3515.9565691947937
546	221.51926051594316	76.66142349284914	412	2917.8683480769396	3522.1560990810394
547	99.44759161846576	75.69282659416157	964	3426.02021689713	3537.3071722984314
548	122.92405540303002	75.19176990285882	533	1687.786549642682	3545.5117580890656
549	193.1193783834589	75.28631059235553	322	628.463808953762	3550.357020139694
550	171.60925525084008	75.39110927851699	321	854.6405600756407	3555.405662059784
551	195.4990474684133	75.52725254859641	376	955.5568647831678	3561.115807056427
552	132.60021136326782	75.27601345682628	414	1406.848445802927	3567.3868250846863
553	154.98829048650524	74.17826283784166	537	1984.9406709000468	3575.400337934494
554	124.08580505296973	73.43737142841097	718	1769.043875619769	3586.5871500968933
555	157.0830684297383	73.83957135919265	431	1118.4069371894002	3592.5598320961
556	166.7760462367887	74.43437687894992	375	1819.1476371884346	3598.0022752285004
557	173.02384469641078	74.35006793070218	312	902.3193753808737	3602.5093891620636
558	199.80323340129686	74.90492240189772	421	1198.7443949952722	3608.4318511486053
559	195.92910997234952	74.84266714874889	566	1478.6520315781236	3616.7754950523376
560	194.7052018001222	75.10494725439021	250	1525.4180740565062	3620.432442188263
561	236.97762456290306	82.50433988053157	315	531.548907905817	3624.9378299713135
562	76.92729640166576	85.66128208543307	558	2455.5775232985616	3633.5248970985413
563	180.51735786529264	91.13331706584088	398	1487.6761640757322	3639.4106781482697
564	203.5601631735479	91.43121839016325	430	1318.1220435127616	3645.8960740566254
565	123.46360720989497	91.06603137280496	864	2992.901166342199	3659.586744070053
566	107.79186567585035	90.83941952356068	530	1258.4936480224133	3667.259540081024
567	121.57905319990593	90.28486909146442	366	1418.5523428991437	3672.500652074814
568	210.20094662852216	91.47850111680066	390	1049.1375544667244	3677.9907672405243
569	146.88121872790035	91.47923319936268	298	339.2353350073099	3682.257588148117
570	206.0397408793197	91.7406823496615	365	880.8125187531114	3687.5459332466125
571	107.5144835735841	90.90231904386806	674	1845.8780690580606	3697.020175218582
572	163.6099494599987	90.5984481224271	497	1524.5012158975005	3704.1911330223083
573	110.42785346784493	90.33006738039938	309	691.791301548481	3708.3797562122345
574	208.8399951143376	92.21669590227381	402	1186.421858228743	3714.591964006424
575	229.6452888363996	93.80992486307588	272	796.2042084485292	3719.061007976532
576	222.4153590200195	97.36133223032496	440	1621.1820089668036	3725.5650839805603
577	212.7061760786268	101.11547600906283	446	1197.147218093276	3732.6083569526672
578	155.12323759613804	100.93339326381803	330	846.5925900042057	3737.3615922927856
579	182.82289096204968	100.96779472570127	352	1634.573100708425	3743.04550409317
580	205.58273157813682	106.31713305776921	382	905.4807811975479	3749.3314230442047
581	241.30742982412434	109.36963284561858	238	598.2376811057329	3753.146203994751
582	185.29793043078888	112.08992353669235	512	1557.4036246538162	3761.056739091873
583	201.69307689966712	115.12847842597898	394	1388.180946573615	3767.061851978302
584	172.8343740972587	116.0566795946589	567	1573.1720997840166	3775.784683227539
585	223.11876639534535	116.34222652779874	399	1964.581740833819	3782.622383117676
586	227.49820323486	116.60324288892069	271	1130.6829336434603	3786.9333271980286
587	222.3287023704611	117.1531161560142	433	1222.1922139301896	3795.0132501125336
588	160.40705611342855	118.02910202632484	632	2072.9043552279472	3804.9986951351166
589	167.6601997891083	118.02125904919016	597	1321.6783155724406	3815.1235971450806
590	-103.501287170858	118.52486613770898	408	1571.6944991350174	3821.4865760803223
591	218.56102820696725	120.23667910142316	237	2180.043108433485	3824.8309020996094
592	-89.92311464364094	118.79595860857758	130	417.8671702295542	3826.7739520072937
593	159.6651548207456	119.11024544247316	396	1182.460929788649	3832.7441082000732
594	-209.1268122862276	117.87544065462161	159	790.2354169860482	3835.0019931793213
595	-398.6956495137891	114.36551521297741	257	1275.7800266221166	3838.815754175186
596	201.05335591864667	117.98126960866674	356	1370.3782300949097	3844.0990521907806
597	160.53856910439282	119.2541360203905	452	1752.232588082552	3851.1747460365295
598	148.8733240113082	119.3821357845568	797	2159.548771224916	3863.499039173126
599	167.86704783997703	119.6976517147545	473	795.6021573916078	3871.004639148712
600	13.733644790928398	119.09021879059122	1000	3326.99247738719	3887.5083310604095
601	-125.05020093775406	115.77276519881826	1000	2620.303291887045	3905.2165620326996
602	124.93503618589621	115.92208801992186	655	1674.6793150752783	3916.27899312973
603	146.90836040074788	115.9208486174997	589	1797.5927782282233	3925.699315071106
604	206.14733456717403	116.08501367131515	341	622.7478803098202	3931.3235189914703
605	203.67256906348845	115.97255462469965	259	644.45047532022	3935.4316790103912
606	178.73912633218674	116.29261645439885	617	1424.9909870624542	3945.456176996231
607	138.33543647854623	115.86716619230518	380	778.0480554625392	3951.7104630470276
608	227.3214022127175	116.45584960619509	230	1000.7482414394617	3955.2547080516815
609	122.73219843312786	115.22574909919332	848	2942.031470954418	3969.1373710632324
610	-45.69960095169235	113.20563087254367	193	442.67911028862	3972.3452401161194
611	213.3094635086436	113.61556511215296	336	1653.957918614149	3977.81351518631
612	173.58192991845883	114.06457752603905	352	968.6471067667007	3983.9367940425873
613	178.98078646656307	116.63136379957407	342	858.088611766696	3989.8894641399384
614	185.5865450667947	116.72416856449374	270	733.1370331719518	3994.45459318161
615	182.06887999400004	116.88801513910232	321	829.6886355578899	3999.5176861286163
616	169.47662531323672	120.80511703672452	551	3327.5616729408503	4008.528169155121
617	117.66179305246544	120.52009763652798	461	2366.520746834576	4016.1250660419464
618	-267.9705103973481	116.33950467556319	768	2261.0723927542567	4028.7582762241364
619	198.57887096446288	121.32695261366239	340	916.2303584441543	4034.2160201072693
620	218.89435007221857	121.61354016736894	448	850.2808783650398	4041.630544900894
621	249.8104955964249	122.29881191904032	287	709.6063555851579	4046.5971059799194
622	234.91691934266512	128.06679795648304	287	1155.4719437360764	4051.5006301403046
623	-188.89423153924736	127.78872627267647	163	325.6519129127264	4053.989358186722
624	101.59265929000485	127.80560071177834	308	815.8969369009137	4058.7755031585693
625	125.45941541714947	126.97772426924618	355	1557.4635732844472	4064.3704011440277
626	-67.52744590577747	124.99238005536384	164	968.6389382183552	4066.8647150993347
627	201.35262875571942	125.83953285655593	256	320.92152590304613	4070.9457540512085
628	178.43756857199347	126.13015305373266	315	663.876697331667	4076.2307591438293
629	200.51395788895096	129.7375225287641	256	960.659065656364	4080.160436153412
630	-107.12657454182042	129.04612538605267	200	1014.3478693217039	4083.0734810829163
631	237.1127922051906	129.91940187941492	335	781.1890965104103	4088.857918024063
632	222.96280781636563	135.52586097826358	254	1079.866796478629	4092.797231197357
633	234.94463741172467	136.1460503826462	345	1774.3981611281633	4098.003054141998
634	217.68555566861085	136.67250379645753	216	319.0785026550293	4101.699634075165
635	108.71467635264925	135.76880764140853	485	1737.1054290756583	4109.972708940506
636	201.94817966865415	135.84724831743202	334	1103.1589704975486	4115.5263912677765
637	185.6690543057988	135.9401088547967	370	993.979173950851	4121.723217010498
638	184.30936283151277	137.99229714067786	326	547.6343006640673	4127.05114197731
639	198.6859168073157	138.85800559626594	371	2009.366793423891	4133.573342084885
640	173.17370594689254	138.55622319325002	796	2079.26732160151	4146.992830038071
641	176.98989027516916	138.3023465144431	349	1104.3180656060576	4152.641176223755
642	223.19167542347242	138.94395886681693	277	677.1347526609898	4157.2151300907135
643	176.26296515182008	141.53204962771545	376	871.6422966644168	4163.482867002487
644	220.224759013084	144.69158840205387	277	788.5831210836768	4167.688199043274
645	243.97635634203542	145.13170477471098	357	2375.6341734826565	4173.344326019287
646	192.95876575062601	145.173149801148	355	3848.873893648386	4179.088582992554
647	224.85845672217027	145.2062111497245	247	889.5881642401218	4182.942300081253
648	207.98244757632312	146.28081368396073	372	1473.1194961816072	4188.647186040878
649	177.8896411527244	146.82502740425474	386	854.627816259861	4194.488889217377
650	-725.4287152546557	137.73049182367936	203	644.753411218524	4197.7876329422
651	218.3480756972143	138.1932524221583	362	1539.7172581255436	4203.341507196426
652	232.12841528847653	138.55591943027775	260	743.7969526126981	4207.328139066696
653	182.23909789983622	139.0473935544022	281	1324.6619556844234	4211.80794095993
654	205.6908169184407	139.54939876659958	354	1309.3199180215597	4217.412410974503
655	102.93114616485485	139.3399466984004	637	1694.8830084130168	4228.523151874542
656	229.32620491416537	140.05522527745413	323	1166.9449903443456	4233.699231147766
657	210.54037233552168	140.4885354368475	303	1168.4512567818165	4238.700406074524
658	174.7574430098618	140.50569977658466	297	576.3391931355	4243.419932126999
659	168.88125797001868	140.19954160399772	330	793.8449997901917	4248.535442113876
660	186.21658638791467	140.10337800415184	391	850.7508148029447	4254.846390247345
661	241.18706214819414	140.56359444324167	262	719.5773731917143	4259.455246210098
662	208.8870642638156	140.28547008384479	222	662.0304782688618	4262.970010042191
663	252.47675601054564	142.02358354531887	404	1564.692602969706	4269.43701004982
664	230.67102702930976	142.52015452714082	418	1241.2271086126566	4276.352781057358
665	174.83341977142348	142.23573132513957	471	1729.3957140222192	4286.63335108757
666	236.24534349641783	143.35238217946159	349	571.2313966006041	4293.516590118408
667	-35.64194303857957	141.93224545951674	168	714.4376801997423	4296.68240904808
668	231.73989051429328	143.0229468190651	288	502.49908278137445	4302.357893943787
669	197.00952657996493	142.89233869977247	340	1170.6979853473604	4308.613492012024
670	210.5147231638192	143.5223733971578	356	1478.1450421214104	4314.680915117264
671	222.0289066484311	143.68068196912918	341	721.0275367721915	4320.202986001968
672	219.92840157736907	144.79369105827556	401	902.4122800379992	4326.937119007111
673	212.7543984143225	145.28026976079366	295	1838.2231699377298	4331.988800048828
674	192.0462871526782	146.08837306460387	429	723.1296403259039	4339.199853181839
675	212.09159386067117	146.12056711159727	245	825.2374221086502	4343.027524232864
676	208.09471707156115	145.9071951139256	396	828.6777974292636	4349.423693180084
677	226.6658151560199	145.94927883804442	313	1044.8855557888746	4354.642235040665
678	203.65974805577042	145.8597102437587	266	614.67447245121	4359.06196308136
679	206.3820834229669	146.36722356877684	296	766.9788280799985	4363.899396181107
680	210.6190147108972	146.642432714805	281	1070.413460507989	4369.06752705574
681	194.51647291422356	146.53286579734055	286	1506.2923301458359	4373.918819189072
682	196.6486577472171	146.09069973717314	280	555.0086905136704	4378.53392124176
683	245.39074361650626	146.68567808554658	264	4080.967750966549	4383.045180082321
684	236.27249506237752	147.0280485624051	343	1032.8959804922342	4388.606287240982
685	187.01982951976888	147.16849861609333	271	772.6341419219971	4392.90022110939
